{
  "common_claim_3class": {
    "methods": [
      "lr_probe",
      "pca_lr",
      "iti",
      "kb_mlp",
      "attn_satisfies",
      "sep",
      "step"
    ],
    "aurocs": {
      "lr_probe": 0.7558,
      "pca_lr": 0.7621,
      "iti": 0.7324,
      "kb_mlp": 0.7559,
      "attn_satisfies": 0.7299,
      "sep": 0.5819,
      "step": 0.6074
    },
    "spearman_matrix": [
      [
        1.0,
        0.8623406743406745,
        0.7846115206115206,
        0.8554564714564714,
        0.7957182277182278,
        0.589914037914038,
        0.5721496041496043
      ],
      [
        0.8623406743406745,
        1.0,
        0.8358063918063918,
        0.8954422994422996,
        0.8456126096126096,
        0.634883938883939,
        0.6152682992682993
      ],
      [
        0.7846115206115206,
        0.8358063918063918,
        1.0,
        0.7931711291711293,
        0.7721357201357202,
        0.641874257874258,
        0.6026022266022266
      ],
      [
        0.8554564714564714,
        0.8954422994422996,
        0.7931711291711293,
        1.0,
        0.796923148923149,
        0.5842008922008922,
        0.5650515490515491
      ],
      [
        0.7957182277182278,
        0.8456126096126096,
        0.7721357201357202,
        0.796923148923149,
        1.0,
        0.6204021444021445,
        0.5962153042153042
      ],
      [
        0.589914037914038,
        0.634883938883939,
        0.641874257874258,
        0.5842008922008922,
        0.6204021444021445,
        1.0,
        0.7623674223674224
      ],
      [
        0.5721496041496043,
        0.6152682992682993,
        0.6026022266022266,
        0.5650515490515491,
        0.5962153042153042,
        0.7623674223674224,
        1.0
      ]
    ],
    "kappa_matrix": [
      [
        1.0,
        0.5490964586729562,
        0.4414166880538656,
        0.5583757525044744,
        0.4563220559466947,
        0.056568640838164264,
        0.13379099024778285
      ],
      [
        0.5490964586729562,
        1.0,
        0.5577877595651848,
        0.6332338989681647,
        0.5438930442371018,
        0.047906078331986235,
        0.1981451067529708
      ],
      [
        0.4414166880538656,
        0.5577877595651848,
        1.0,
        0.47124097013628574,
        0.44432066187583374,
        0.04351140727354863,
        0.16953414505029119
      ],
      [
        0.5583757525044744,
        0.6332338989681647,
        0.47124097013628574,
        1.0,
        0.502883520466261,
        0.06318214892068896,
        0.17753665012120512
      ],
      [
        0.4563220559466947,
        0.5438930442371018,
        0.44432066187583374,
        0.502883520466261,
        1.0,
        0.04273268826831045,
        0.16550495036695156
      ],
      [
        0.056568640838164264,
        0.047906078331986235,
        0.04351140727354863,
        0.06318214892068896,
        0.04273268826831045,
        1.0,
        0.14773296969940053
      ],
      [
        0.13379099024778285,
        0.1981451067529708,
        0.16953414505029119,
        0.17753665012120512,
        0.16550495036695156,
        0.14773296969940053,
        1.0
      ]
    ],
    "jaccard_matrix": [
      [
        1.0,
        0.639225181598063,
        0.5812356979405034,
        0.6306954436450839,
        0.5903890160183066,
        0.5079681274900398,
        0.5072164948453608
      ],
      [
        0.639225181598063,
        1.0,
        0.6707021791767555,
        0.6890547263681592,
        0.6642685851318945,
        0.5460122699386503,
        0.5732758620689655
      ],
      [
        0.5812356979405034,
        0.6707021791767555,
        1.0,
        0.5894495412844036,
        0.6275862068965518,
        0.5555555555555556,
        0.5829787234042553
      ],
      [
        0.6306954436450839,
        0.6890547263681592,
        0.5894495412844036,
        1.0,
        0.6134259259259259,
        0.4970414201183432,
        0.511340206185567
      ],
      [
        0.5903890160183066,
        0.6642685851318945,
        0.6275862068965518,
        0.6134259259259259,
        1.0,
        0.5542168674698795,
        0.5681341719077568
      ],
      [
        0.5079681274900398,
        0.5460122699386503,
        0.5555555555555556,
        0.4970414201183432,
        0.5542168674698795,
        1.0,
        0.7124735729386892
      ],
      [
        0.5072164948453608,
        0.5732758620689655,
        0.5829787234042553,
        0.511340206185567,
        0.5681341719077568,
        0.7124735729386892,
        1.0
      ]
    ],
    "linkage": [
      [
        1.0,
        3.0,
        0.10455770055770042,
        2.0
      ],
      [
        0.0,
        7.0,
        0.1513864045235177,
        3.0
      ],
      [
        4.0,
        8.0,
        0.21199249766237474,
        4.0
      ],
      [
        2.0,
        9.0,
        0.22685375220923998,
        5.0
      ],
      [
        5.0,
        6.0,
        0.2376325776325776,
        2.0
      ],
      [
        10.0,
        11.0,
        0.6133078171760532,
        7.0
      ]
    ],
    "n_test": 1000
  },
  "e2h_amc_3class": {
    "methods": [
      "lr_probe",
      "pca_lr",
      "iti",
      "kb_mlp",
      "attn_satisfies",
      "sep",
      "step"
    ],
    "aurocs": {
      "lr_probe": 0.8658,
      "pca_lr": 0.8785,
      "iti": 0.8614,
      "kb_mlp": 0.8488,
      "attn_satisfies": 0.8409,
      "sep": 0.6474,
      "step": 0.6685
    },
    "spearman_matrix": [
      [
        1.0,
        0.7552740990068231,
        0.591514035890118,
        0.713556046645499,
        0.5948933194010572,
        0.3234459096954695,
        0.32203458997679657
      ],
      [
        0.7552740990068231,
        1.0,
        0.6682576797775535,
        0.6944006550490991,
        0.652498536607953,
        0.3818561102337544,
        0.3725045733849867
      ],
      [
        0.591514035890118,
        0.6682576797775535,
        1.0,
        0.5339365401018641,
        0.5474494799329802,
        0.3109134824938935,
        0.29816518164199973
      ],
      [
        0.713556046645499,
        0.6944006550490991,
        0.5339365401018641,
        1.0,
        0.5698916182955817,
        0.3154314513622444,
        0.34163773167031963
      ],
      [
        0.5948933194010572,
        0.652498536607953,
        0.5474494799329802,
        0.5698916182955817,
        1.0,
        0.27722385778399694,
        0.2749932458828597
      ],
      [
        0.3234459096954695,
        0.3818561102337544,
        0.3109134824938935,
        0.3154314513622444,
        0.27722385778399694,
        1.0,
        0.4398257054953357
      ],
      [
        0.32203458997679657,
        0.3725045733849867,
        0.29816518164199973,
        0.34163773167031963,
        0.2749932458828597,
        0.4398257054953357,
        1.0
      ]
    ],
    "kappa_matrix": [
      [
        1.0,
        0.6164848230334434,
        0.536186513617046,
        0.6172158488686588,
        0.52034039200334,
        0.2041681726556216,
        0.21021011309189142
      ],
      [
        0.6164848230334434,
        1.0,
        0.5739407854027038,
        0.5731710359955899,
        0.5529672147998823,
        0.21775318219747586,
        0.24090622358545333
      ],
      [
        0.536186513617046,
        0.5739407854027038,
        1.0,
        0.507490225013818,
        0.5003999545761417,
        0.20469777560728508,
        0.2167047813919899
      ],
      [
        0.6172158488686588,
        0.5731710359955899,
        0.507490225013818,
        1.0,
        0.519581919750048,
        0.20709364885682768,
        0.21860119242914966
      ],
      [
        0.52034039200334,
        0.5529672147998823,
        0.5003999545761417,
        0.519581919750048,
        1.0,
        0.2052527917401218,
        0.20114512832079223
      ],
      [
        0.2041681726556216,
        0.21775318219747586,
        0.20469777560728508,
        0.20709364885682768,
        0.2052527917401218,
        1.0,
        0.273967122647058
      ],
      [
        0.21021011309189142,
        0.24090622358545333,
        0.2167047813919899,
        0.21860119242914966,
        0.20114512832079223,
        0.273967122647058,
        1.0
      ]
    ],
    "jaccard_matrix": [
      [
        1.0,
        0.4295415959252971,
        0.35911602209944754,
        0.44717444717444715,
        0.36941710825132473,
        0.2975663716814159,
        0.2896053362979433
      ],
      [
        0.4295415959252971,
        1.0,
        0.39950779327317476,
        0.4030448717948718,
        0.39968774395003903,
        0.3126760563380282,
        0.310580204778157
      ],
      [
        0.35911602209944754,
        0.39950779327317476,
        1.0,
        0.3491704374057315,
        0.3613382899628253,
        0.3082872928176796,
        0.3040089086859688
      ],
      [
        0.44717444717444715,
        0.4030448717948718,
        0.3491704374057315,
        1.0,
        0.3804267844002943,
        0.31642116748499727,
        0.3180563224737714
      ],
      [
        0.36941710825132473,
        0.39968774395003903,
        0.3613382899628253,
        0.3804267844002943,
        1.0,
        0.3255939524838013,
        0.31867535287730725
      ],
      [
        0.2975663716814159,
        0.3126760563380282,
        0.3082872928176796,
        0.31642116748499727,
        0.3255939524838013,
        1.0,
        0.4844844844844845
      ],
      [
        0.2896053362979433,
        0.310580204778157,
        0.3040089086859688,
        0.3180563224737714,
        0.31867535287730725,
        0.4844844844844845,
        1.0
      ]
    ],
    "linkage": [
      [
        0.0,
        1.0,
        0.24472590099317693,
        2.0
      ],
      [
        3.0,
        7.0,
        0.3114436436332306,
        3.0
      ],
      [
        4.0,
        8.0,
        0.4423900738317199,
        4.0
      ],
      [
        2.0,
        9.0,
        0.45722310884987155,
        5.0
      ],
      [
        5.0,
        6.0,
        0.5601742945046644,
        2.0
      ],
      [
        10.0,
        11.0,
        0.9657867872408205,
        7.0
      ]
    ],
    "n_test": 2975
  },
  "e2h_amc_5class": {
    "methods": [
      "lr_probe",
      "pca_lr",
      "iti",
      "kb_mlp",
      "attn_satisfies",
      "sep",
      "step"
    ],
    "aurocs": {
      "lr_probe": 0.8357,
      "pca_lr": 0.8576,
      "iti": 0.8368,
      "kb_mlp": 0.8246,
      "attn_satisfies": 0.8053,
      "sep": 0.6151,
      "step": 0.6303
    },
    "spearman_matrix": [
      [
        1.0,
        0.5640427237558798,
        0.4584977211918675,
        0.4718651991243164,
        0.490435835157978,
        0.18600175224221194,
        0.1790491583968989
      ],
      [
        0.5640427237558798,
        1.0,
        0.6345537246722885,
        0.6445758346074401,
        0.6011762048898349,
        0.2835566966661277,
        0.2652519873602303
      ],
      [
        0.4584977211918675,
        0.6345537246722885,
        1.0,
        0.4985348218945691,
        0.4924323426140311,
        0.21838163787978693,
        0.19949181648927006
      ],
      [
        0.4718651991243164,
        0.6445758346074401,
        0.4985348218945691,
        1.0,
        0.4897603190787129,
        0.21328782629176368,
        0.19590168876627165
      ],
      [
        0.490435835157978,
        0.6011762048898349,
        0.4924323426140311,
        0.4897603190787129,
        1.0,
        0.21425888968512324,
        0.21111905557936567
      ],
      [
        0.18600175224221194,
        0.2835566966661277,
        0.21838163787978693,
        0.21328782629176368,
        0.21425888968512324,
        1.0,
        0.47555981878184167
      ],
      [
        0.1790491583968989,
        0.2652519873602303,
        0.19949181648927006,
        0.19590168876627165,
        0.21111905557936567,
        0.47555981878184167,
        1.0
      ]
    ],
    "kappa_matrix": [
      [
        1.0,
        0.44626804344772664,
        0.40391015864735935,
        0.4271560956579984,
        0.41019549678952494,
        0.12299297705140588,
        0.10453997513999014
      ],
      [
        0.44626804344772664,
        1.0,
        0.48343366797034637,
        0.5190658379460602,
        0.4726448494345773,
        0.13553510814801284,
        0.12405127688327067
      ],
      [
        0.40391015864735935,
        0.48343366797034637,
        1.0,
        0.4121983635835029,
        0.39546656116815626,
        0.11876861203949207,
        0.13157559252014406
      ],
      [
        0.4271560956579984,
        0.5190658379460602,
        0.4121983635835029,
        1.0,
        0.408065786640913,
        0.13529353517560438,
        0.11281172483905777
      ],
      [
        0.41019549678952494,
        0.4726448494345773,
        0.39546656116815626,
        0.408065786640913,
        1.0,
        0.11632930935877372,
        0.12068749598781758
      ],
      [
        0.12299297705140588,
        0.13553510814801284,
        0.11876861203949207,
        0.13529353517560438,
        0.11632930935877372,
        1.0,
        0.26505927496427917
      ],
      [
        0.10453997513999014,
        0.12405127688327067,
        0.13157559252014406,
        0.11281172483905777,
        0.12068749598781758,
        0.26505927496427917,
        1.0
      ]
    ],
    "jaccard_matrix": [
      [
        1.0,
        0.46391184573002753,
        0.4487519915029209,
        0.46382978723404256,
        0.47390396659707723,
        0.42044972422571064,
        0.3990787269681742
      ],
      [
        0.46391184573002753,
        1.0,
        0.5079635949943118,
        0.5233485193621867,
        0.511001100110011,
        0.42341166231505656,
        0.4105445116681072
      ],
      [
        0.4487519915029209,
        0.5079635949943118,
        1.0,
        0.46531483457844186,
        0.47462061747776035,
        0.423945462292288,
        0.4276541095890411
      ],
      [
        0.46382978723404256,
        0.5233485193621867,
        0.46531483457844186,
        1.0,
        0.48175182481751827,
        0.4341712824882829,
        0.4137205387205387
      ],
      [
        0.47390396659707723,
        0.511001100110011,
        0.47462061747776035,
        0.48175182481751827,
        1.0,
        0.4518581081081081,
        0.44706874736398144
      ],
      [
        0.42044972422571064,
        0.42341166231505656,
        0.423945462292288,
        0.4341712824882829,
        0.4518581081081081,
        1.0,
        0.6182487725040916
      ],
      [
        0.3990787269681742,
        0.4105445116681072,
        0.4276541095890411,
        0.4137205387205387,
        0.44706874736398144,
        0.6182487725040916,
        1.0
      ]
    ],
    "linkage": [
      [
        1.0,
        3.0,
        0.35542416539255994,
        2.0
      ],
      [
        2.0,
        7.0,
        0.46321710988168396,
        3.0
      ],
      [
        4.0,
        8.0,
        0.5032800732400117,
        4.0
      ],
      [
        5.0,
        6.0,
        0.5244401812181583,
        2.0
      ],
      [
        0.0,
        9.0,
        0.5384317377255665,
        5.0
      ],
      [
        10.0,
        11.0,
        1.1432987756098159,
        7.0
      ]
    ],
    "n_test": 2975
  },
  "when2call_3class": {
    "methods": [
      "lr_probe",
      "pca_lr",
      "iti",
      "kb_mlp",
      "attn_satisfies",
      "sep",
      "step"
    ],
    "aurocs": {
      "lr_probe": 0.8732,
      "pca_lr": 0.8142,
      "iti": 0.8558,
      "kb_mlp": 0.8824,
      "attn_satisfies": 0.852,
      "sep": 0.5643,
      "step": 0.5737
    },
    "spearman_matrix": [
      [
        1.0,
        0.7439225614967035,
        0.7443308845750469,
        0.8147098980424883,
        0.7202117596693275,
        0.20440581415628906,
        0.2114462268742589
      ],
      [
        0.7439225614967035,
        1.0,
        0.7698531523807095,
        0.733282424578224,
        0.6814515982861582,
        0.21115582326183518,
        0.24516477463509284
      ],
      [
        0.7443308845750469,
        0.7698531523807095,
        1.0,
        0.7355985172341911,
        0.6424218229429551,
        0.18462571383192689,
        0.20358604829342367
      ],
      [
        0.8147098980424883,
        0.733282424578224,
        0.7355985172341911,
        1.0,
        0.7451202195395739,
        0.18667930453563267,
        0.20664150290640765
      ],
      [
        0.7202117596693275,
        0.6814515982861582,
        0.6424218229429551,
        0.7451202195395739,
        1.0,
        0.17830783470956577,
        0.21346168202134286
      ],
      [
        0.20440581415628906,
        0.21115582326183518,
        0.18462571383192689,
        0.18667930453563267,
        0.17830783470956577,
        1.0,
        0.3882788559519505
      ],
      [
        0.2114462268742589,
        0.24516477463509284,
        0.20358604829342367,
        0.20664150290640765,
        0.21346168202134286,
        0.3882788559519505,
        1.0
      ]
    ],
    "kappa_matrix": [
      [
        1.0,
        0.5594574957616856,
        0.6088288805898688,
        0.6337747505593943,
        0.592922594036349,
        0.06838809362021281,
        0.07674958839847534
      ],
      [
        0.5594574957616856,
        1.0,
        0.5869399785333387,
        0.5480718511250134,
        0.5452103140712754,
        0.07072571425321217,
        0.0680849368551053
      ],
      [
        0.6088288805898688,
        0.5869399785333387,
        1.0,
        0.6044630033060333,
        0.5455573012625606,
        0.06531035560543852,
        0.09193837232439805
      ],
      [
        0.6337747505593943,
        0.5480718511250134,
        0.6044630033060333,
        1.0,
        0.6036922312360051,
        0.07932941877287047,
        0.08513753969537796
      ],
      [
        0.592922594036349,
        0.5452103140712754,
        0.5455573012625606,
        0.6036922312360051,
        1.0,
        0.07578016060008652,
        0.10029878279961735
      ],
      [
        0.06838809362021281,
        0.07072571425321217,
        0.06531035560543852,
        0.07932941877287047,
        0.07578016060008652,
        1.0,
        0.20646484792364117
      ],
      [
        0.07674958839847534,
        0.0680849368551053,
        0.09193837232439805,
        0.08513753969537796,
        0.10029878279961735,
        0.20646484792364117,
        1.0
      ]
    ],
    "jaccard_matrix": [
      [
        1.0,
        0.4386503067484663,
        0.44333333333333336,
        0.4352517985611511,
        0.4117647058823529,
        0.2618595825426945,
        0.25775193798449614
      ],
      [
        0.4386503067484663,
        1.0,
        0.4774774774774775,
        0.4179566563467492,
        0.456973293768546,
        0.3432282003710575,
        0.3258426966292135
      ],
      [
        0.44333333333333336,
        0.4774774774774775,
        1.0,
        0.43050847457627117,
        0.4,
        0.2883895131086142,
        0.2947976878612717
      ],
      [
        0.4352517985611511,
        0.4179566563467492,
        0.43050847457627117,
        1.0,
        0.4271186440677966,
        0.24571428571428572,
        0.24366471734892786
      ],
      [
        0.4117647058823529,
        0.456973293768546,
        0.4,
        0.4271186440677966,
        1.0,
        0.3060836501901141,
        0.2928709055876686
      ],
      [
        0.2618595825426945,
        0.3432282003710575,
        0.2883895131086142,
        0.24571428571428572,
        0.3060836501901141,
        1.0,
        0.5559380378657487
      ],
      [
        0.25775193798449614,
        0.3258426966292135,
        0.2947976878612717,
        0.24366471734892786,
        0.2928709055876686,
        0.5559380378657487,
        1.0
      ]
    ],
    "linkage": [
      [
        0.0,
        3.0,
        0.18529010195751172,
        2.0
      ],
      [
        1.0,
        2.0,
        0.2301468476192905,
        2.0
      ],
      [
        4.0,
        7.0,
        0.2899183229499608,
        3.0
      ],
      [
        8.0,
        9.0,
        0.3484179008563773,
        5.0
      ],
      [
        5.0,
        6.0,
        0.6117211440480494,
        2.0
      ],
      [
        10.0,
        11.0,
        1.2074084604013582,
        7.0
      ]
    ],
    "n_test": 731
  },
  "ragtruth_binary": {
    "methods": [
      "lr_probe",
      "pca_lr",
      "iti",
      "kb_mlp",
      "attn_satisfies",
      "sep",
      "step"
    ],
    "aurocs": {
      "lr_probe": 0.8615,
      "pca_lr": 0.8487,
      "iti": 0.8862,
      "kb_mlp": 0.8615,
      "attn_satisfies": 0.8064,
      "sep": 0.6852,
      "step": 0.7058
    },
    "spearman_matrix": [
      [
        1.0,
        0.8056304056304057,
        0.6630753630753631,
        1.0,
        0.692904992904993,
        0.315012663012663,
        0.3656462216462217
      ],
      [
        0.8056304056304057,
        1.0,
        0.6803876843876845,
        0.8056304056304057,
        0.7682518802518803,
        0.37301780501780507,
        0.4357976677976679
      ],
      [
        0.6630753630753631,
        0.6803876843876845,
        1.0,
        0.6630753630753631,
        0.5613291093291094,
        0.34240884640884645,
        0.3528884808884809
      ],
      [
        1.0,
        0.8056304056304057,
        0.6630753630753631,
        1.0,
        0.692904992904993,
        0.315012663012663,
        0.3656462216462217
      ],
      [
        0.692904992904993,
        0.7682518802518803,
        0.5613291093291094,
        0.692904992904993,
        1.0,
        0.32469181269181274,
        0.38018211218211223
      ],
      [
        0.315012663012663,
        0.37301780501780507,
        0.34240884640884645,
        0.315012663012663,
        0.32469181269181274,
        1.0,
        0.621988881988882
      ],
      [
        0.3656462216462217,
        0.4357976677976679,
        0.3528884808884809,
        0.3656462216462217,
        0.38018211218211223,
        0.621988881988882,
        1.0
      ]
    ],
    "kappa_matrix": [
      [
        1.0,
        0.7197309417040358,
        0.6725875557251644,
        1.0,
        0.603530304075019,
        0.3675628029969149,
        0.36938493434692465
      ],
      [
        0.7197309417040358,
        1.0,
        0.6569156942255592,
        0.7197309417040358,
        0.6750052701848078,
        0.3651152281970177,
        0.3877730796335447
      ],
      [
        0.6725875557251644,
        0.6569156942255592,
        1.0,
        0.6725875557251644,
        0.5500156516295085,
        0.3623899230854978,
        0.3788684508761223
      ],
      [
        1.0,
        0.7197309417040358,
        0.6725875557251644,
        1.0,
        0.603530304075019,
        0.3675628029969149,
        0.36938493434692465
      ],
      [
        0.603530304075019,
        0.6750052701848078,
        0.5500156516295085,
        0.603530304075019,
        1.0,
        0.33465959328028294,
        0.3808451679944579
      ],
      [
        0.3675628029969149,
        0.3651152281970177,
        0.3623899230854978,
        0.3675628029969149,
        0.33465959328028294,
        1.0,
        0.5188470066518847
      ],
      [
        0.36938493434692465,
        0.3877730796335447,
        0.3788684508761223,
        0.36938493434692465,
        0.3808451679944579,
        0.5188470066518847,
        1.0
      ]
    ],
    "jaccard_matrix": [
      [
        1.0,
        0.5444839857651246,
        0.43018867924528303,
        1.0,
        0.42138364779874216,
        0.29310344827586204,
        0.28255528255528256
      ],
      [
        0.5444839857651246,
        1.0,
        0.4404332129963899,
        0.5444839857651246,
        0.5225806451612903,
        0.3196125907990315,
        0.32195121951219513
      ],
      [
        0.43018867924528303,
        0.4404332129963899,
        1.0,
        0.43018867924528303,
        0.33653846153846156,
        0.26288659793814434,
        0.2616580310880829
      ],
      [
        1.0,
        0.5444839857651246,
        0.43018867924528303,
        1.0,
        0.42138364779874216,
        0.29310344827586204,
        0.28255528255528256
      ],
      [
        0.42138364779874216,
        0.5225806451612903,
        0.33653846153846156,
        0.42138364779874216,
        1.0,
        0.30324074074074076,
        0.32387706855791965
      ],
      [
        0.29310344827586204,
        0.3196125907990315,
        0.26288659793814434,
        0.29310344827586204,
        0.30324074074074076,
        1.0,
        0.4894117647058824
      ],
      [
        0.28255528255528256,
        0.32195121951219513,
        0.2616580310880829,
        0.28255528255528256,
        0.32387706855791965,
        0.4894117647058824,
        1.0
      ]
    ],
    "linkage": [
      [
        0.0,
        3.0,
        0.0,
        2.0
      ],
      [
        1.0,
        7.0,
        0.2244386752631273,
        3.0
      ],
      [
        4.0,
        8.0,
        0.32949622023266056,
        4.0
      ],
      [
        5.0,
        6.0,
        0.378011118011118,
        2.0
      ],
      [
        2.0,
        9.0,
        0.4205474363236171,
        5.0
      ],
      [
        10.0,
        11.0,
        0.9932657316836148,
        7.0
      ]
    ],
    "n_test": 1000
  },
  "global_average": {
    "methods": [
      "lr_probe",
      "pca_lr",
      "iti",
      "kb_mlp",
      "attn_satisfies",
      "sep",
      "step"
    ],
    "avg_spearman_matrix": [
      [
        1.0,
        0.7462420928460973,
        0.6484059050687832,
        0.771117523053755,
        0.6588328269703166,
        0.3237560354041343,
        0.3300651602087561
      ],
      [
        0.7462420928460973,
        1.0,
        0.7177717266049256,
        0.7546663238614937,
        0.7097981659296873,
        0.37689407481269227,
        0.3867974604892554
      ],
      [
        0.6484059050687832,
        0.7177717266049256,
        1.0,
        0.6448632742954233,
        0.6031536949909592,
        0.33964078769774236,
        0.3313467507830802
      ],
      [
        0.771117523053755,
        0.7546663238614937,
        0.6448632742954233,
        1.0,
        0.6589200597484021,
        0.3229224274806392,
        0.33497573880815396
      ],
      [
        0.6588328269703166,
        0.7097981659296873,
        0.6031536949909592,
        0.6589200597484021,
        1.0,
        0.32297690785452865,
        0.33519427997619694
      ],
      [
        0.3237560354041343,
        0.37689407481269227,
        0.33964078769774236,
        0.3229224274806392,
        0.32297690785452865,
        1.0,
        0.5376041369170864
      ],
      [
        0.3300651602087561,
        0.3867974604892554,
        0.3313467507830802,
        0.33497573880815396,
        0.33519427997619694,
        0.5376041369170864,
        1.0
      ]
    ],
    "linkage": [
      [
        0.0,
        3.0,
        0.22888247694624497,
        2.0
      ],
      [
        1.0,
        7.0,
        0.2561094739419558,
        3.0
      ],
      [
        4.0,
        8.0,
        0.3591364953920278,
        4.0
      ],
      [
        2.0,
        9.0,
        0.3812616702625073,
        5.0
      ],
      [
        5.0,
        6.0,
        0.4623958630829136,
        2.0
      ],
      [
        10.0,
        11.0,
        0.9896237444579036,
        7.0
      ]
    ],
    "n_datasets": 5
  }
}