======================================================================
EXP 5: Probe Error Correlation & Clustering
======================================================================

common_claim_3class: 7 methods, 1000 test samples
  Spearman correlation (prob of correct class):
                     lr_probe   pca_lr      iti   kb_mlp attn_sat      sep     step
  lr_probe              1.000    0.862    0.785    0.855    0.796    0.590    0.572
  pca_lr                0.862    1.000    0.836    0.895    0.846    0.635    0.615
  iti                   0.785    0.836    1.000    0.793    0.772    0.642    0.603
  kb_mlp                0.855    0.895    0.793    1.000    0.797    0.584    0.565
  attn_satisfies        0.796    0.846    0.772    0.797    1.000    0.620    0.596
  sep                   0.590    0.635    0.642    0.584    0.620    1.000    0.762
  step                  0.572    0.615    0.603    0.565    0.596    0.762    1.000

  Error Jaccard similarity:
  lr_probe              1.000    0.639    0.581    0.631    0.590    0.508    0.507
  pca_lr                0.639    1.000    0.671    0.689    0.664    0.546    0.573
  iti                   0.581    0.671    1.000    0.589    0.628    0.556    0.583
  kb_mlp                0.631    0.689    0.589    1.000    0.613    0.497    0.511
  attn_satisfies        0.590    0.664    0.628    0.613    1.000    0.554    0.568
  sep                   0.508    0.546    0.556    0.497    0.554    1.000    0.712
  step                  0.507    0.573    0.583    0.511    0.568    0.712    1.000

e2h_amc_3class: 7 methods, 2975 test samples
  Spearman correlation (prob of correct class):
                     lr_probe   pca_lr      iti   kb_mlp attn_sat      sep     step
  lr_probe              1.000    0.755    0.592    0.714    0.595    0.323    0.322
  pca_lr                0.755    1.000    0.668    0.694    0.652    0.382    0.373
  iti                   0.592    0.668    1.000    0.534    0.547    0.311    0.298
  kb_mlp                0.714    0.694    0.534    1.000    0.570    0.315    0.342
  attn_satisfies        0.595    0.652    0.547    0.570    1.000    0.277    0.275
  sep                   0.323    0.382    0.311    0.315    0.277    1.000    0.440
  step                  0.322    0.373    0.298    0.342    0.275    0.440    1.000

  Error Jaccard similarity:
  lr_probe              1.000    0.430    0.359    0.447    0.369    0.298    0.290
  pca_lr                0.430    1.000    0.400    0.403    0.400    0.313    0.311
  iti                   0.359    0.400    1.000    0.349    0.361    0.308    0.304
  kb_mlp                0.447    0.403    0.349    1.000    0.380    0.316    0.318
  attn_satisfies        0.369    0.400    0.361    0.380    1.000    0.326    0.319
  sep                   0.298    0.313    0.308    0.316    0.326    1.000    0.484
  step                  0.290    0.311    0.304    0.318    0.319    0.484    1.000

e2h_amc_5class: 7 methods, 2975 test samples
  Spearman correlation (prob of correct class):
                     lr_probe   pca_lr      iti   kb_mlp attn_sat      sep     step
  lr_probe              1.000    0.564    0.458    0.472    0.490    0.186    0.179
  pca_lr                0.564    1.000    0.635    0.645    0.601    0.284    0.265
  iti                   0.458    0.635    1.000    0.499    0.492    0.218    0.199
  kb_mlp                0.472    0.645    0.499    1.000    0.490    0.213    0.196
  attn_satisfies        0.490    0.601    0.492    0.490    1.000    0.214    0.211
  sep                   0.186    0.284    0.218    0.213    0.214    1.000    0.476
  step                  0.179    0.265    0.199    0.196    0.211    0.476    1.000

  Error Jaccard similarity:
  lr_probe              1.000    0.464    0.449    0.464    0.474    0.420    0.399
  pca_lr                0.464    1.000    0.508    0.523    0.511    0.423    0.411
  iti                   0.449    0.508    1.000    0.465    0.475    0.424    0.428
  kb_mlp                0.464    0.523    0.465    1.000    0.482    0.434    0.414
  attn_satisfies        0.474    0.511    0.475    0.482    1.000    0.452    0.447
  sep                   0.420    0.423    0.424    0.434    0.452    1.000    0.618
  step                  0.399    0.411    0.428    0.414    0.447    0.618    1.000

when2call_3class: 7 methods, 731 test samples
  Spearman correlation (prob of correct class):
                     lr_probe   pca_lr      iti   kb_mlp attn_sat      sep     step
  lr_probe              1.000    0.744    0.744    0.815    0.720    0.204    0.211
  pca_lr                0.744    1.000    0.770    0.733    0.681    0.211    0.245
  iti                   0.744    0.770    1.000    0.736    0.642    0.185    0.204
  kb_mlp                0.815    0.733    0.736    1.000    0.745    0.187    0.207
  attn_satisfies        0.720    0.681    0.642    0.745    1.000    0.178    0.213
  sep                   0.204    0.211    0.185    0.187    0.178    1.000    0.388
  step                  0.211    0.245    0.204    0.207    0.213    0.388    1.000

  Error Jaccard similarity:
  lr_probe              1.000    0.439    0.443    0.435    0.412    0.262    0.258
  pca_lr                0.439    1.000    0.477    0.418    0.457    0.343    0.326
  iti                   0.443    0.477    1.000    0.431    0.400    0.288    0.295
  kb_mlp                0.435    0.418    0.431    1.000    0.427    0.246    0.244
  attn_satisfies        0.412    0.457    0.400    0.427    1.000    0.306    0.293
  sep                   0.262    0.343    0.288    0.246    0.306    1.000    0.556
  step                  0.258    0.326    0.295    0.244    0.293    0.556    1.000

ragtruth_binary: 7 methods, 1000 test samples
  Spearman correlation (prob of correct class):
                     lr_probe   pca_lr      iti   kb_mlp attn_sat      sep     step
  lr_probe              1.000    0.806    0.663    1.000    0.693    0.315    0.366
  pca_lr                0.806    1.000    0.680    0.806    0.768    0.373    0.436
  iti                   0.663    0.680    1.000    0.663    0.561    0.342    0.353
  kb_mlp                1.000    0.806    0.663    1.000    0.693    0.315    0.366
  attn_satisfies        0.693    0.768    0.561    0.693    1.000    0.325    0.380
  sep                   0.315    0.373    0.342    0.315    0.325    1.000    0.622
  step                  0.366    0.436    0.353    0.366    0.380    0.622    1.000

  Error Jaccard similarity:
  lr_probe              1.000    0.544    0.430    1.000    0.421    0.293    0.283
  pca_lr                0.544    1.000    0.440    0.544    0.523    0.320    0.322
  iti                   0.430    0.440    1.000    0.430    0.337    0.263    0.262
  kb_mlp                1.000    0.544    0.430    1.000    0.421    0.293    0.283
  attn_satisfies        0.421    0.523    0.337    0.421    1.000    0.303    0.324
  sep                   0.293    0.320    0.263    0.293    0.303    1.000    0.489
  step                  0.283    0.322    0.262    0.283    0.324    0.489    1.000

======================================================================
GLOBAL AVERAGE Spearman Correlation
======================================================================
                     lr_probe   pca_lr      iti   kb_mlp attn_sat      sep     step
  lr_probe              1.000    0.746    0.648    0.771    0.659    0.324    0.330
  pca_lr                0.746    1.000    0.718    0.755    0.710    0.377    0.387
  iti                   0.648    0.718    1.000    0.645    0.603    0.340    0.331
  kb_mlp                0.771    0.755    0.645    1.000    0.659    0.323    0.335
  attn_satisfies        0.659    0.710    0.603    0.659    1.000    0.323    0.335
  sep                   0.324    0.377    0.340    0.323    0.323    1.000    0.538
  step                  0.330    0.387    0.331    0.335    0.335    0.538    1.000

Saved to /home/junyi/NIPS2026/fusion/results/llama3.1-8b/probe_clustering.json
