{
  "common_claim_3class": {
    "methods": [
      "attn_satisfies",
      "iti",
      "kb_mlp",
      "lr_probe",
      "pca_lr",
      "sep",
      "step"
    ],
    "avg_pairwise_correlation": 0.06690956080763544,
    "n_methods": 7,
    "correlation_matrix": [
      [
        1.0,
        0.0004015972976404014,
        -0.0017994094804131466,
        -0.0015298776340005138,
        -0.004616023977085434,
        -0.00039571791473205656,
        -0.00048006235807236073
      ],
      [
        0.0004015972976404014,
        0.9999999999999999,
        0.0036000946048238168,
        -0.004073584910342483,
        0.001677217112758905,
        0.008707588116654239,
        0.006125424674003835
      ],
      [
        -0.0017994094804131468,
        0.0036000946048238168,
        1.0,
        0.856568994731917,
        -0.004080463146492741,
        0.050209287475633024,
        0.1508381406880279
      ],
      [
        -0.001529877634000514,
        -0.004073584910342483,
        0.856568994731917,
        0.9999999999999999,
        -0.0016669355732062503,
        0.05174709416160837,
        0.16416928037517184
      ],
      [
        -0.004616023977085434,
        0.001677217112758905,
        -0.004080463146492741,
        -0.0016669355732062503,
        1.0,
        -0.002037183128775874,
        -0.0018700270427251004
      ],
      [
        -0.00039571791473205656,
        0.008707588116654237,
        0.050209287475633024,
        0.05174709416160837,
        -0.002037183128775874,
        0.9999999999999999,
        0.13360534288795095
      ],
      [
        -0.00048006235807236073,
        0.006125424674003835,
        0.15083814068802792,
        0.16416928037517184,
        -0.0018700270427251004,
        0.13360534288795095,
        0.9999999999999999
      ]
    ]
  },
  "when2call_3class": {
    "methods": [
      "attn_satisfies",
      "iti",
      "kb_mlp",
      "lr_probe",
      "pca_lr",
      "sep",
      "step"
    ],
    "avg_pairwise_correlation": 0.06137054791496946,
    "n_methods": 7,
    "correlation_matrix": [
      [
        1.0,
        -0.003227011973572466,
        0.00170561984438336,
        0.00100135038430815,
        0.007698672519337987,
        0.0012157233906020287,
        0.0013518726413417142
      ],
      [
        -0.0032270119735724663,
        1.0,
        0.006953124054650991,
        0.005003415264718211,
        -0.0033597681594013397,
        -0.0015259449920113776,
        0.0001061584039589542
      ],
      [
        0.0017056198443833601,
        0.006953124054650992,
        1.0,
        0.7759528282642904,
        0.0007046694163220879,
        0.08259241471177667,
        0.11094578423906314
      ],
      [
        0.00100135038430815,
        0.00500341526471821,
        0.7759528282642904,
        1.0,
        0.0062782536048965765,
        0.06157340488613686,
        0.10362071453435671
      ],
      [
        0.007698672519337987,
        -0.00335976815940134,
        0.0007046694163220879,
        0.0062782536048965765,
        1.0,
        0.0029505389583539027,
        0.0044193749075347065
      ],
      [
        0.0012157233906020287,
        -0.0015259449920113773,
        0.08259241471177668,
        0.06157340488613686,
        0.0029505389583539027,
        1.0,
        0.12282031131331118
      ],
      [
        0.001351872641341714,
        0.0001061584039589542,
        0.11094578423906315,
        0.10362071453435671,
        0.0044193749075347065,
        0.1228203113133112,
        0.9999999999999999
      ]
    ]
  },
  "fava_binary": {
    "methods": [
      "attn_satisfies",
      "iti",
      "kb_mlp",
      "lid",
      "llm_check",
      "lr_probe",
      "mm_probe",
      "pca_lr",
      "seakr",
      "sep",
      "step"
    ],
    "avg_pairwise_correlation": 0.04470569942190644,
    "n_methods": 11,
    "correlation_matrix": [
      [
        0.9999999999999998,
        0.0004548798352608651,
        0.0014296116127670974,
        -0.008470029957995341,
        0.00016335401162596616,
        0.0015929206218491957,
        0.0017685744665419962,
        0.005790287550042898,
        5.387027961213562e-05,
        -0.001503783186195553,
        0.001343908531607915
      ],
      [
        0.0004548798352608651,
        1.0,
        -0.0005044703586309818,
        0.04241575216147892,
        0.03465120291870472,
        -0.0100304976457467,
        0.001322545126920529,
        0.0031030148625549917,
        0.028513171866287868,
        -0.0060553011656684025,
        -5.0660290023016e-05
      ],
      [
        0.0014296116127670974,
        -0.0005044703586309818,
        1.0,
        -0.027177234012722987,
        -0.024073259423528517,
        0.7268743385161025,
        0.20170378971963926,
        0.002262575411937442,
        -0.07591204414226965,
        0.32126359419422945,
        0.14813779622716586
      ],
      [
        -0.008470029957995341,
        0.04241575216147892,
        -0.027177234012722987,
        1.0,
        0.25881980613399974,
        -0.039733460755716876,
        -0.00441189177092052,
        0.018039894111673015,
        0.018722892467147246,
        -0.03853206596069691,
        -0.002476293451776402
      ],
      [
        0.00016335401162596616,
        0.03465120291870472,
        -0.024073259423528514,
        0.2588198061339997,
        1.0,
        -0.02152460903446362,
        -0.03933855482809652,
        0.005145172354766968,
        0.02496518886119024,
        -0.03521755895101425,
        0.018814074018568234
      ],
      [
        0.0015929206218491957,
        -0.0100304976457467,
        0.7268743385161025,
        -0.039733460755716876,
        -0.02152460903446362,
        0.9999999999999998,
        0.4619499138413329,
        -0.0016595276598370568,
        -0.04343283927244485,
        0.26361373199369875,
        0.11176888787847464
      ],
      [
        0.001768574466541996,
        0.0013225451269205293,
        0.2017037897196393,
        -0.00441189177092052,
        -0.03933855482809653,
        0.4619499138413329,
        1.0,
        -0.0004893459899356384,
        -0.0067880103802838605,
        0.0046498615482691704,
        0.003144785121291189
      ],
      [
        0.005790287550042899,
        0.003103014862554992,
        0.002262575411937442,
        0.018039894111673015,
        0.005145172354766968,
        -0.0016595276598370566,
        -0.0004893459899356384,
        1.0,
        -0.006018086697790588,
        0.0009453470493904181,
        -0.002689241479381626
      ],
      [
        5.387027961213562e-05,
        0.028513171866287868,
        -0.07591204414226965,
        0.018722892467147246,
        0.02496518886119024,
        -0.04343283927244485,
        -0.006788010380283861,
        -0.006018086697790588,
        0.9999999999999998,
        -0.02818566886370747,
        0.02521088648453696
      ],
      [
        -0.001503783186195553,
        -0.0060553011656684025,
        0.32126359419422945,
        -0.038532065960696915,
        -0.03521755895101425,
        0.26361373199369875,
        0.0046498615482691704,
        0.0009453470493904181,
        -0.028185668863707474,
        0.9999999999999998,
        0.14445227370503297
      ],
      [
        0.001343908531607915,
        -5.066029002301599e-05,
        0.14813779622716586,
        -0.0024762934517764024,
        0.018814074018568234,
        0.11176888787847464,
        0.003144785121291189,
        -0.002689241479381626,
        0.02521088648453696,
        0.14445227370503294,
        1.0
      ]
    ]
  },
  "ragtruth_binary": {
    "methods": [
      "attn_satisfies",
      "iti",
      "kb_mlp",
      "lid",
      "llm_check",
      "lr_probe",
      "mm_probe",
      "pca_lr",
      "seakr",
      "sep",
      "step"
    ],
    "avg_pairwise_correlation": 0.05258987769254796,
    "n_methods": 11,
    "correlation_matrix": [
      [
        1.0,
        -0.004048347701662795,
        -0.002550799347631067,
        -0.05287009732057233,
        -0.0056889860742833495,
        -0.002031344867188146,
        -0.0006341860406287033,
        0.0014509392244586178,
        -0.005268434631005682,
        -0.00036223092564376634,
        -0.0024899483268061443
      ],
      [
        -0.004048347701662794,
        1.0,
        -0.004337230573174194,
        -0.0030878293593862467,
        0.019007323026446116,
        -0.0051957893693828795,
        0.0003001000705992804,
        0.0024801244341435946,
        -0.07284914742914576,
        -0.003911122023254154,
        -0.0020640736823267533
      ],
      [
        -0.002550799347631067,
        -0.004337230573174194,
        0.9999999999999999,
        -0.010971958565739374,
        0.020042294014618604,
        0.9126272048047547,
        0.3566764376354381,
        0.004097502109728046,
        0.0314389617663238,
        0.396897112015125,
        0.1249953415565951
      ],
      [
        -0.05287009732057233,
        -0.0030878293593862467,
        -0.010971958565739374,
        1.0,
        0.20322979726799187,
        -0.022177740199149754,
        -0.012702789489083004,
        0.030388113058792302,
        -0.041081647380412145,
        -0.024820894038148526,
        -0.05890459474143693
      ],
      [
        -0.00568898607428335,
        0.019007323026446116,
        0.020042294014618604,
        0.20322979726799187,
        0.9999999999999999,
        0.025077513456128967,
        0.015823220562923783,
        -0.034056049525331776,
        -0.0030354749751518788,
        -0.013164826169371875,
        -0.028912889594502438
      ],
      [
        -0.002031344867188146,
        -0.0051957893693828795,
        0.9126272048047547,
        -0.02217774019914975,
        0.025077513456128964,
        1.0,
        0.4966450583083444,
        0.00446230663777714,
        0.030014224465201182,
        0.3837374999986663,
        0.11976639997607709
      ],
      [
        -0.0006341860406287033,
        0.0003001000705992804,
        0.3566764376354381,
        -0.012702789489083006,
        0.01582322056292378,
        0.4966450583083444,
        1.0,
        0.008681515500561612,
        -0.01860980251648263,
        -0.0011465058984671992,
        0.005119563380243361
      ],
      [
        0.0014509392244586178,
        0.002480124434143595,
        0.004097502109728046,
        0.030388113058792302,
        -0.034056049525331776,
        0.00446230663777714,
        0.008681515500561612,
        1.0,
        0.029266423938624844,
        -0.000473368932065219,
        0.0010704565994463344
      ],
      [
        -0.005268434631005682,
        -0.07284914742914575,
        0.0314389617663238,
        -0.04108164738041214,
        -0.0030354749751518788,
        0.030014224465201182,
        -0.018609802516482633,
        0.029266423938624848,
        0.9999999999999999,
        0.020938082250606605,
        0.00019257994926835217
      ],
      [
        -0.0003622309256437663,
        -0.003911122023254154,
        0.396897112015125,
        -0.024820894038148526,
        -0.013164826169371875,
        0.38373749999866635,
        -0.001146505898467199,
        -0.000473368932065219,
        0.020938082250606605,
        0.9999999999999999,
        0.08546528677868813
      ],
      [
        -0.0024899483268061443,
        -0.0020640736823267533,
        0.12499534155659511,
        -0.05890459474143693,
        -0.028912889594502438,
        0.11976639997607709,
        0.005119563380243361,
        0.0010704565994463344,
        0.00019257994926835217,
        0.08546528677868813,
        1.0
      ]
    ]
  }
}