{
  "qwen2.5-7b": {
    "oracle_baseline": {
      "common_claim_3class": {
        "oracle_auroc": 0.9792145382137397,
        "best_single_auroc": 0.7711775896236243,
        "best_single_method": "lr_probe",
        "headroom": 0.20803694859011546,
        "per_probe_auroc": {
          "lr_probe": 0.7712,
          "pca_lr": 0.7604,
          "kb_mlp": 0.7499,
          "iti": 0.7153,
          "attn_satisfies": 0.7058,
          "step": 0.5264,
          "sep": 0.5158
        }
      },
      "e2h_amc_3class": {
        "oracle_auroc": 0.9985563552010103,
        "best_single_auroc": 0.8937013882570563,
        "best_single_method": "pca_lr",
        "headroom": 0.10485496694395402,
        "per_probe_auroc": {
          "pca_lr": 0.8937,
          "lr_probe": 0.8772,
          "kb_mlp": 0.8637,
          "attn_satisfies": 0.8575,
          "iti": 0.8574,
          "sep": 0.6514,
          "step": 0.6228
        }
      },
      "e2h_amc_5class": {
        "oracle_auroc": 0.9941208190237708,
        "best_single_auroc": 0.8760320988721064,
        "best_single_method": "pca_lr",
        "headroom": 0.11808872015166438,
        "per_probe_auroc": {
          "pca_lr": 0.876,
          "lr_probe": 0.8631,
          "kb_mlp": 0.8403,
          "iti": 0.84,
          "attn_satisfies": 0.8236,
          "sep": 0.6213,
          "step": 0.606
        }
      },
      "when2call_3class": {
        "oracle_auroc": 0.9901647760026848,
        "best_single_auroc": 0.8640145960508816,
        "best_single_method": "lr_probe",
        "headroom": 0.12615017995180322,
        "per_probe_auroc": {
          "lr_probe": 0.864,
          "kb_mlp": 0.8494,
          "iti": 0.8405,
          "attn_satisfies": 0.8079,
          "pca_lr": 0.7977,
          "step": 0.5568,
          "sep": 0.5451
        }
      },
      "ragtruth_binary": {
        "oracle_auroc": 0.9996963014802002,
        "best_single_auroc": 0.8804154067579522,
        "best_single_method": "iti",
        "headroom": 0.11928089472224801,
        "per_probe_auroc": {
          "iti": 0.8804,
          "mm_probe": 0.8576,
          "lr_probe": 0.8576,
          "pca_lr": 0.8355,
          "kb_mlp": 0.824,
          "attn_satisfies": 0.7969,
          "llm_check": 0.7219,
          "lid": 0.6963,
          "sep": 0.6951,
          "step": 0.69,
          "seakr": 0.5527
        }
      },
      "fava_binary": {
        "oracle_auroc": 1.0,
        "best_single_auroc": 0.9846127481487494,
        "best_single_method": "iti",
        "headroom": 0.01538725185125056,
        "per_probe_auroc": {
          "iti": 0.9846,
          "mm_probe": 0.9836,
          "lr_probe": 0.9836,
          "pca_lr": 0.9814,
          "kb_mlp": 0.9632,
          "attn_satisfies": 0.9599,
          "lid": 0.8841,
          "step": 0.661,
          "sep": 0.659,
          "llm_check": 0.619,
          "seakr": 0.5301
        }
      }
    },
    "oracle_with_raw": {
      "common_claim_3class": {
        "oracle_auroc_baseline_only": 0.9792145382137397,
        "oracle_auroc_with_raw": 0.9956748429708214,
        "raw_headroom_delta": 0.016460304757081712,
        "raw_view_win_rate": 0.58,
        "per_raw_view_auroc": {
          "raw_input_last_tok": 0.767,
          "raw_input_attn_stats": 0.7324,
          "raw_input_mean_pool": 0.724,
          "raw_input_per_head": 0.7161,
          "raw_input_attn_valnorms": 0.6403,
          "raw_gen_mean_pool": 0.6176,
          "raw_gen_attn_stats": 0.5774,
          "raw_input_logit_stats": 0.5651,
          "raw_gen_step_boundary": 0.542,
          "raw_gen_last_tok": 0.5363,
          "raw_gen_logit_stats": 0.4881
        },
        "best_single_method": "lr_probe"
      },
      "e2h_amc_3class": {
        "oracle_auroc_baseline_only": 0.9985563552010103,
        "oracle_auroc_with_raw": 0.9999710551464783,
        "raw_headroom_delta": 0.0014146999454680564,
        "raw_view_win_rate": 0.9233613445378152,
        "per_raw_view_auroc": {
          "raw_input_per_head": 0.884,
          "raw_input_attn_stats": 0.8765,
          "raw_input_last_tok": 0.8737,
          "raw_input_mean_pool": 0.864,
          "raw_gen_mean_pool": 0.7843,
          "raw_gen_step_boundary": 0.7717,
          "raw_gen_attn_stats": 0.768,
          "raw_input_logit_stats": 0.73,
          "raw_gen_last_tok": 0.6352,
          "raw_input_attn_valnorms": 0.5986,
          "raw_gen_logit_stats": 0.5587
        },
        "best_single_method": "pca_lr"
      },
      "e2h_amc_5class": {
        "oracle_auroc_baseline_only": 0.9941208190237708,
        "oracle_auroc_with_raw": 0.9997447768039642,
        "raw_headroom_delta": 0.005623957780193423,
        "raw_view_win_rate": 0.8611764705882353,
        "per_raw_view_auroc": {
          "raw_input_per_head": 0.8639,
          "raw_input_attn_stats": 0.8589,
          "raw_input_last_tok": 0.8511,
          "raw_input_mean_pool": 0.8168,
          "raw_gen_step_boundary": 0.7672,
          "raw_gen_mean_pool": 0.751,
          "raw_gen_attn_stats": 0.7386,
          "raw_input_logit_stats": 0.6856,
          "raw_gen_last_tok": 0.6094,
          "raw_gen_logit_stats": 0.5571,
          "raw_input_attn_valnorms": 0.5407
        },
        "best_single_method": "pca_lr"
      },
      "when2call_3class": {
        "oracle_auroc_baseline_only": 0.9901647760026848,
        "oracle_auroc_with_raw": 0.9995192435213921,
        "raw_headroom_delta": 0.009354467518707277,
        "raw_view_win_rate": 0.7811217510259918,
        "per_raw_view_auroc": {
          "raw_input_mean_pool": 0.8893,
          "raw_input_per_head": 0.8684,
          "raw_input_attn_stats": 0.8661,
          "raw_input_last_tok": 0.8635,
          "raw_gen_mean_pool": 0.7885,
          "raw_gen_step_boundary": 0.6936,
          "raw_gen_attn_stats": 0.6786,
          "raw_input_attn_valnorms": 0.6205,
          "raw_input_logit_stats": 0.5972,
          "raw_gen_last_tok": 0.5613,
          "raw_gen_logit_stats": 0.4985
        },
        "best_single_method": "lr_probe"
      },
      "ragtruth_binary": {
        "oracle_auroc_baseline_only": 0.9996963014802002,
        "oracle_auroc_with_raw": 0.9999383800104754,
        "raw_headroom_delta": 0.00024207853027524706,
        "raw_view_win_rate": 0.43,
        "per_raw_view_auroc": {
          "raw_input_last_tok": 0.8527,
          "raw_input_attn_stats": 0.8494,
          "raw_input_per_head": 0.8426,
          "raw_input_mean_pool": 0.797,
          "raw_gen_mean_pool": 0.7837,
          "raw_gen_step_boundary": 0.7759,
          "raw_gen_attn_stats": 0.7296,
          "raw_gen_last_tok": 0.7002,
          "raw_input_attn_valnorms": 0.6917,
          "raw_input_logit_stats": 0.6503,
          "raw_gen_logit_stats": 0.5957
        },
        "best_single_method": "iti"
      },
      "fava_binary": {
        "oracle_auroc_baseline_only": 1.0,
        "oracle_auroc_with_raw": 1.0,
        "raw_headroom_delta": 0.0,
        "raw_view_win_rate": 0.924,
        "per_raw_view_auroc": {
          "raw_input_per_head": 0.9767,
          "raw_input_attn_stats": 0.9655,
          "raw_input_last_tok": 0.9555,
          "raw_gen_mean_pool": 0.947,
          "raw_gen_step_boundary": 0.9447,
          "raw_input_mean_pool": 0.9047,
          "raw_gen_attn_stats": 0.8099,
          "raw_input_attn_valnorms": 0.7958,
          "raw_input_logit_stats": 0.7541,
          "raw_gen_last_tok": 0.6517,
          "raw_gen_logit_stats": 0.5092
        },
        "best_single_method": "iti"
      }
    },
    "v21_fusion": {
      "common_claim_3class": {
        "test_auroc": 0.7817,
        "baseline_auroc": 0.7576,
        "delta": 0.0241,
        "delta_pct": "+2.41%",
        "ci_95": [
          0.7568,
          0.8053
        ]
      },
      "e2h_amc_3class": {
        "test_auroc": 0.903,
        "baseline_auroc": 0.8934,
        "delta": 0.0096,
        "delta_pct": "+0.96%",
        "ci_95": [
          0.8948,
          0.9107
        ]
      },
      "e2h_amc_5class": {
        "test_auroc": 0.8913,
        "baseline_auroc": 0.8752,
        "delta": 0.0161,
        "delta_pct": "+1.61%",
        "ci_95": [
          0.8855,
          0.8976
        ]
      },
      "when2call_3class": {
        "test_auroc": 0.9392,
        "baseline_auroc": 0.8741,
        "delta": 0.0651,
        "delta_pct": "+6.51%",
        "ci_95": [
          0.9259,
          0.9518
        ]
      },
      "ragtruth_binary": {
        "test_auroc": 0.893,
        "baseline_auroc": 0.8808,
        "delta": 0.0122,
        "delta_pct": "+1.22%",
        "ci_95": [
          0.873,
          0.9122
        ]
      },
      "fava_binary": {
        "test_auroc": 0.988,
        "baseline_auroc": 0.9856,
        "delta": 0.0024,
        "delta_pct": "+0.24%",
        "n_methods": 8
      }
    },
    "ladder": {
      "e2h_amc_3class": {
        "method_ranking": [
          "pca_lr",
          "kb_mlp",
          "lr_probe",
          "iti",
          "attn_satisfies",
          "sep",
          "step"
        ],
        "best_single": 0.8934,
        "final_fusion": 0.903,
        "first_k_above_best": 1,
        "n_steps": 7,
        "ladder_curve": [
          [
            1,
            0.8958
          ],
          [
            2,
            0.8991
          ],
          [
            3,
            0.9016
          ],
          [
            4,
            0.9044
          ],
          [
            5,
            0.9056
          ],
          [
            6,
            0.9036
          ],
          [
            7,
            0.903
          ]
        ]
      },
      "common_claim_3class": {
        "method_ranking": [
          "pca_lr",
          "kb_mlp",
          "iti",
          "lr_probe",
          "attn_satisfies",
          "step",
          "sep"
        ],
        "best_single": 0.7576,
        "final_fusion": 0.7817,
        "first_k_above_best": 1,
        "n_steps": 7,
        "ladder_curve": [
          [
            1,
            0.767
          ],
          [
            2,
            0.7701
          ],
          [
            3,
            0.7727
          ],
          [
            4,
            0.7811
          ],
          [
            5,
            0.7818
          ],
          [
            6,
            0.782
          ],
          [
            7,
            0.7817
          ]
        ]
      },
      "e2h_amc_5class": {
        "method_ranking": [
          "kb_mlp",
          "pca_lr",
          "lr_probe",
          "iti",
          "attn_satisfies",
          "sep",
          "step"
        ],
        "best_single": 0.8752,
        "final_fusion": 0.8913,
        "first_k_above_best": 2,
        "n_steps": 7,
        "ladder_curve": [
          [
            1,
            0.8741
          ],
          [
            2,
            0.8866
          ],
          [
            3,
            0.8915
          ],
          [
            4,
            0.8906
          ],
          [
            5,
            0.8941
          ],
          [
            6,
            0.8935
          ],
          [
            7,
            0.8913
          ]
        ]
      },
      "when2call_3class": {
        "method_ranking": [
          "lr_probe",
          "kb_mlp",
          "iti",
          "attn_satisfies",
          "pca_lr",
          "sep",
          "step"
        ],
        "best_single": 0.8741,
        "final_fusion": 0.9387,
        "first_k_above_best": 1,
        "n_steps": 7,
        "ladder_curve": [
          [
            1,
            0.9148
          ],
          [
            2,
            0.9285
          ],
          [
            3,
            0.9358
          ],
          [
            4,
            0.9404
          ],
          [
            5,
            0.937
          ],
          [
            6,
            0.9379
          ],
          [
            7,
            0.9387
          ]
        ]
      },
      "ragtruth_binary": {
        "method_ranking": [
          "iti",
          "lr_probe",
          "mm_probe",
          "pca_lr",
          "kb_mlp",
          "attn_satisfies",
          "sep",
          "step"
        ],
        "best_single": 0.8808,
        "final_fusion": 0.893,
        "first_k_above_best": 1,
        "n_steps": 8,
        "ladder_curve": [
          [
            1,
            0.8814
          ],
          [
            2,
            0.8919
          ],
          [
            3,
            0.8928
          ],
          [
            4,
            0.8925
          ],
          [
            5,
            0.8944
          ],
          [
            6,
            0.8946
          ],
          [
            7,
            0.8949
          ],
          [
            8,
            0.893
          ]
        ]
      }
    },
    "leave_one_out": {
      "common_claim_3class": {
        "full_fusion_auroc": 0.7817,
        "best_single": 0.7576,
        "contributions": {
          "lr_probe": 0.0081,
          "pca_lr": -0.0006,
          "iti": 0.0016,
          "kb_mlp": 0.0022,
          "attn_satisfies": 0.0003,
          "sep": -0.0003,
          "step": 0.0008
        },
        "top_contributor": "lr_probe",
        "ranking": [
          "lr_probe",
          "kb_mlp",
          "iti",
          "step",
          "attn_satisfies",
          "sep",
          "pca_lr"
        ]
      },
      "e2h_amc_3class": {
        "full_fusion_auroc": 0.903,
        "best_single": 0.8934,
        "contributions": {
          "lr_probe": -0.0001,
          "pca_lr": -0.0012,
          "iti": 0.0003,
          "kb_mlp": 0.0011,
          "attn_satisfies": 0.0015,
          "sep": -0.0024,
          "step": -0.0006
        },
        "top_contributor": "attn_satisfies",
        "ranking": [
          "attn_satisfies",
          "kb_mlp",
          "iti",
          "lr_probe",
          "step",
          "pca_lr",
          "sep"
        ]
      },
      "e2h_amc_5class": {
        "full_fusion_auroc": 0.8913,
        "best_single": 0.8752,
        "contributions": {
          "lr_probe": 0.0065,
          "pca_lr": 0.0032,
          "iti": 0.0017,
          "kb_mlp": 0.0028,
          "attn_satisfies": 0.0031,
          "sep": -0.0003,
          "step": -0.0022
        },
        "top_contributor": "lr_probe",
        "ranking": [
          "lr_probe",
          "pca_lr",
          "attn_satisfies",
          "kb_mlp",
          "iti",
          "sep",
          "step"
        ]
      },
      "when2call_3class": {
        "full_fusion_auroc": 0.9392,
        "best_single": 0.8741,
        "contributions": {
          "lr_probe": 0.0068,
          "pca_lr": 0.0012,
          "iti": 0.0087,
          "kb_mlp": 0.0053,
          "attn_satisfies": 0.0052,
          "sep": 0.0012,
          "step": 0.0013
        },
        "top_contributor": "iti",
        "ranking": [
          "iti",
          "lr_probe",
          "kb_mlp",
          "attn_satisfies",
          "step",
          "pca_lr",
          "sep"
        ]
      },
      "ragtruth_binary": {
        "full_fusion_auroc": 0.893,
        "best_single": 0.8808,
        "contributions": {
          "lr_probe": 0.0055,
          "pca_lr": 0.0002,
          "iti": 0.0348,
          "kb_mlp": 0.0021,
          "attn_satisfies": 0.0002,
          "sep": -0.0004,
          "step": -0.0015
        },
        "top_contributor": "iti",
        "ranking": [
          "iti",
          "lr_probe",
          "kb_mlp",
          "pca_lr",
          "attn_satisfies",
          "sep",
          "step"
        ]
      }
    },
    "pipeline_ablation": {
      "common_claim_3class": {
        "configs": {
          "full": 0.7817,
          "pca32_only": 0.7696,
          "pca128_only": 0.7819,
          "lr_expert_only": 0.7779,
          "gbt_expert_only": 0.7797,
          "et_expert_only": 0.7654,
          "rf_expert_only": 0.7682,
          "tree_experts_only": 0.7793,
          "meta_l2_only": 0.779,
          "meta_l1_only": 0.777,
          "meta_gbt_only": 0.7804,
          "no_enrichment": 0.7814,
          "seed1_only": 0.7776,
          "seed3": 0.7814
        },
        "best_config": "pca128_only",
        "full_auroc": 0.7817
      },
      "e2h_amc_3class": {
        "configs": {
          "full": 0.903,
          "pca32_only": 0.9017,
          "pca128_only": 0.9058,
          "lr_expert_only": 0.905,
          "gbt_expert_only": 0.9012,
          "et_expert_only": 0.9029,
          "rf_expert_only": 0.9015,
          "tree_experts_only": 0.9026,
          "meta_l2_only": 0.8982,
          "meta_l1_only": 0.9018,
          "meta_gbt_only": 0.8934,
          "no_enrichment": 0.9051,
          "seed1_only": 0.901,
          "seed3": 0.9012
        },
        "best_config": "pca128_only",
        "full_auroc": 0.903
      },
      "e2h_amc_5class": {
        "configs": {
          "full": 0.8913,
          "pca32_only": 0.8882,
          "pca128_only": 0.8897,
          "lr_expert_only": 0.8912,
          "gbt_expert_only": 0.8876,
          "et_expert_only": 0.879,
          "rf_expert_only": 0.8818,
          "tree_experts_only": 0.884,
          "meta_l2_only": 0.8908,
          "meta_l1_only": 0.8865,
          "meta_gbt_only": 0.8821,
          "no_enrichment": 0.8882,
          "seed1_only": 0.8907,
          "seed3": 0.8884
        },
        "best_config": "full",
        "full_auroc": 0.8913
      },
      "when2call_3class": {
        "configs": {
          "full": 0.9392,
          "pca32_only": 0.896,
          "pca128_only": 0.9376,
          "lr_expert_only": 0.863,
          "gbt_expert_only": 0.9049,
          "et_expert_only": 0.8753,
          "rf_expert_only": 0.8898,
          "tree_experts_only": 0.9187,
          "meta_l2_only": 0.9042,
          "meta_l1_only": 0.9032,
          "meta_gbt_only": 0.9392,
          "no_enrichment": 0.9395,
          "seed1_only": 0.9342,
          "seed3": 0.9402
        },
        "best_config": "seed3",
        "full_auroc": 0.9392
      },
      "ragtruth_binary": {
        "configs": {
          "full": 0.8926,
          "pca32_only": 0.8807,
          "pca128_only": 0.8917,
          "lr_expert_only": 0.8879,
          "gbt_expert_only": 0.8799,
          "et_expert_only": 0.8621,
          "rf_expert_only": 0.8657,
          "tree_experts_only": 0.8826,
          "meta_l2_only": 0.8902,
          "meta_l1_only": 0.8926,
          "meta_gbt_only": 0.884,
          "no_enrichment": 0.8905,
          "seed1_only": 0.892,
          "seed3": 0.8921
        },
        "best_config": "full",
        "full_auroc": 0.8926
      }
    },
    "probe_clustering": {
      "common_claim_3class": {
        "methods": [
          "lr_probe",
          "pca_lr",
          "iti",
          "kb_mlp",
          "attn_satisfies",
          "sep",
          "step"
        ],
        "spearman_matrix": [
          [
            1.0,
            0.8926815886815886,
            0.7811915531915532,
            0.8592728712728714,
            0.7893638853638854,
            0.5433146073146073,
            0.5502658782658784
          ],
          [
            0.8926815886815886,
            1.0,
            0.8339309459309461,
            0.8791570351570351,
            0.8387248907248909,
            0.5961570561570562,
            0.612893724893725
          ],
          [
            0.7811915531915532,
            0.8339309459309461,
            1.0,
            0.7566394086394087,
            0.7327970527970529,
            0.6070490350490351,
            0.6176559056559058
          ],
          [
            0.8592728712728714,
            0.8791570351570351,
            0.7566394086394087,
            1.0,
            0.7752406272406274,
            0.5511681951681952,
            0.5633434793434793
          ],
          [
            0.7893638853638854,
            0.8387248907248909,
            0.7327970527970529,
            0.7752406272406274,
            1.0,
            0.5640215160215162,
            0.5902589302589303
          ],
          [
            0.5433146073146073,
            0.5961570561570562,
            0.6070490350490351,
            0.5511681951681952,
            0.5640215160215162,
            1.0,
            0.7737906057906059
          ],
          [
            0.5502658782658784,
            0.612893724893725,
            0.6176559056559058,
            0.5633434793434793,
            0.5902589302589303,
            0.7737906057906059,
            1.0
          ]
        ],
        "linkage": [
          [
            0.0,
            1.0,
            0.10731841131841136,
            2.0
          ],
          [
            3.0,
            7.0,
            0.13819919490326513,
            3.0
          ],
          [
            5.0,
            6.0,
            0.22620939420939412,
            2.0
          ],
          [
            4.0,
            8.0,
            0.22976714284681157,
            4.0
          ],
          [
            2.0,
            10.0,
            0.2564162710356191,
            5.0
          ],
          [
            9.0,
            11.0,
            0.6540770701308524,
            7.0
          ]
        ],
        "n_test": 1000
      },
      "e2h_amc_3class": {
        "methods": [
          "lr_probe",
          "pca_lr",
          "iti",
          "kb_mlp",
          "attn_satisfies",
          "sep",
          "step"
        ],
        "spearman_matrix": [
          [
            1.0,
            0.8115660245485269,
            0.6538617804107998,
            0.6573424470760395,
            0.65066908599568,
            0.3061359714070239,
            0.27215026297305484
          ],
          [
            0.8115660245485269,
            1.0,
            0.688547818329015,
            0.6842331587187714,
            0.7021088304293668,
            0.3153524792349636,
            0.2941604750887925
          ],
          [
            0.6538617804107998,
            0.688547818329015,
            1.0,
            0.5541958820843028,
            0.56428838904371,
            0.2593920054951716,
            0.23892009915882528
          ],
          [
            0.6573424470760395,
            0.6842331587187714,
            0.5541958820843028,
            1.0,
            0.6060151548130712,
            0.29866720308029066,
            0.2591811020644607
          ],
          [
            0.65066908599568,
            0.7021088304293668,
            0.56428838904371,
            0.6060151548130712,
            1.0,
            0.24133906114672693,
            0.21341780795447232
          ],
          [
            0.3061359714070239,
            0.3153524792349636,
            0.2593920054951716,
            0.29866720308029066,
            0.24133906114672693,
            1.0,
            0.46343121865966597
          ],
          [
            0.27215026297305484,
            0.2941604750887925,
            0.23892009915882528,
            0.2591811020644607,
            0.21341780795447232,
            0.46343121865966597,
            1.0
          ]
        ],
        "linkage": [
          [
            0.0,
            1.0,
            0.1884339754514731,
            2.0
          ],
          [
            4.0,
            7.0,
            0.3587176743485329,
            3.0
          ],
          [
            3.0,
            8.0,
            0.3809554359556353,
            4.0
          ],
          [
            2.0,
            9.0,
            0.424614488406323,
            5.0
          ],
          [
            5.0,
            6.0,
            0.536568781340334,
            2.0
          ],
          [
            10.0,
            11.0,
            1.0864739721178853,
            7.0
          ]
        ],
        "n_test": 2975
      },
      "e2h_amc_5class": {
        "methods": [
          "lr_probe",
          "pca_lr",
          "iti",
          "kb_mlp",
          "attn_satisfies",
          "sep",
          "step"
        ],
        "spearman_matrix": [
          [
            1.0,
            0.7376699699555724,
            0.5068156908076376,
            0.6030416232267252,
            0.5086016803623634,
            0.2152451006217616,
            0.2174036221209095
          ],
          [
            0.7376699699555724,
            1.0,
            0.6069566062101783,
            0.6119717200284458,
            0.5660024007650656,
            0.26182129736290466,
            0.23640087362363219
          ],
          [
            0.5068156908076376,
            0.6069566062101783,
            1.0,
            0.441331107057223,
            0.4262238856754929,
            0.2032462561135698,
            0.16674565626411095
          ],
          [
            0.6030416232267252,
            0.6119717200284458,
            0.441331107057223,
            1.0,
            0.46993975117868914,
            0.20753797071684604,
            0.18067388451790464
          ],
          [
            0.5086016803623634,
            0.5660024007650656,
            0.4262238856754929,
            0.46993975117868914,
            1.0,
            0.15000007200745671,
            0.18403958505110618
          ],
          [
            0.2152451006217616,
            0.26182129736290466,
            0.2032462561135698,
            0.20753797071684604,
            0.15000007200745671,
            1.0,
            0.38897154939811796
          ],
          [
            0.2174036221209095,
            0.23640087362363219,
            0.16674565626411095,
            0.18067388451790464,
            0.18403958505110618,
            0.38897154939811796,
            1.0
          ]
        ],
        "linkage": [
          [
            0.0,
            1.0,
            0.26233003004442756,
            2.0
          ],
          [
            3.0,
            7.0,
            0.4271872162698699,
            3.0
          ],
          [
            2.0,
            8.0,
            0.5404497307675901,
            4.0
          ],
          [
            4.0,
            9.0,
            0.5543692576206165,
            5.0
          ],
          [
            5.0,
            6.0,
            0.611028450601882,
            2.0
          ],
          [
            10.0,
            11.0,
            1.145038259718255,
            7.0
          ]
        ],
        "n_test": 2975
      },
      "when2call_3class": {
        "methods": [
          "lr_probe",
          "pca_lr",
          "iti",
          "kb_mlp",
          "attn_satisfies",
          "sep",
          "step"
        ],
        "spearman_matrix": [
          [
            1.0,
            0.70456095973057,
            0.7342273545453598,
            0.7750079769949351,
            0.6903182049389406,
            0.18068202999699529,
            0.19902458962821276
          ],
          [
            0.70456095973057,
            1.0,
            0.6284794247134458,
            0.633096063609659,
            0.6993500131945048,
            0.23421373500334702,
            0.2821285885136229
          ],
          [
            0.7342273545453598,
            0.6284794247134458,
            1.0,
            0.7080173550641885,
            0.6099931400863188,
            0.16495911239536942,
            0.1954235190281963
          ],
          [
            0.7750079769949351,
            0.633096063609659,
            0.7080173550641885,
            1.0,
            0.6945650698321546,
            0.17404301643237682,
            0.2226588356926193
          ],
          [
            0.6903182049389406,
            0.6993500131945048,
            0.6099931400863188,
            0.6945650698321546,
            1.0,
            0.1849341795429571,
            0.19854860446991116
          ],
          [
            0.18068202999699529,
            0.23421373500334702,
            0.16495911239536942,
            0.17404301643237682,
            0.1849341795429571,
            1.0,
            0.37444563879374887
          ],
          [
            0.19902458962821276,
            0.2821285885136229,
            0.1954235190281963,
            0.2226588356926193,
            0.19854860446991116,
            0.37444563879374887,
            1.0
          ]
        ],
        "linkage": [
          [
            0.0,
            3.0,
            0.22499202300506493,
            2.0
          ],
          [
            2.0,
            7.0,
            0.2950460515554752,
            3.0
          ],
          [
            1.0,
            4.0,
            0.30064998680549515,
            2.0
          ],
          [
            8.0,
            9.0,
            0.41374858049317986,
            5.0
          ],
          [
            5.0,
            6.0,
            0.6255543612062511,
            2.0
          ],
          [
            10.0,
            11.0,
            1.1922153966276192,
            7.0
          ]
        ],
        "n_test": 731
      },
      "ragtruth_binary": {
        "methods": [
          "lr_probe",
          "pca_lr",
          "iti",
          "kb_mlp",
          "attn_satisfies",
          "sep",
          "step"
        ],
        "spearman_matrix": [
          [
            1.0,
            0.7606722286722286,
            0.5796392316392317,
            0.8254695214695216,
            0.6806227886227888,
            0.3513553767132434,
            0.3482606409206951
          ],
          [
            0.7606722286722286,
            1.0,
            0.6074290394290394,
            0.7933106773106774,
            0.7518910518910519,
            0.4119550913033946,
            0.3936805812881573
          ],
          [
            0.5796392316392317,
            0.6074290394290394,
            1.0,
            0.5254751614751616,
            0.5546107706107707,
            0.3595633853810187,
            0.34278177512490476
          ],
          [
            0.8254695214695216,
            0.7933106773106774,
            0.5254751614751616,
            1.0,
            0.6911322791322793,
            0.3394346606968668,
            0.3252557609943809
          ],
          [
            0.6806227886227888,
            0.7518910518910519,
            0.5546107706107707,
            0.6911322791322793,
            1.0,
            0.4010259317837583,
            0.36869807838218616
          ],
          [
            0.3513553767132434,
            0.4119550913033946,
            0.3595633853810187,
            0.3394346606968668,
            0.4010259317837583,
            1.0,
            0.6801605731280731
          ],
          [
            0.3482606409206951,
            0.3936805812881573,
            0.34278177512490476,
            0.3252557609943809,
            0.36869807838218616,
            0.6801605731280731,
            1.0
          ]
        ],
        "linkage": [
          [
            0.0,
            3.0,
            0.17453047853047843,
            2.0
          ],
          [
            1.0,
            7.0,
            0.23772226690608247,
            3.0
          ],
          [
            5.0,
            6.0,
            0.3198394268719269,
            2.0
          ],
          [
            4.0,
            8.0,
            0.3282321893213024,
            4.0
          ],
          [
            2.0,
            10.0,
            0.5126425482070593,
            5.0
          ],
          [
            9.0,
            11.0,
            0.9763931711555313,
            7.0
          ]
        ],
        "n_test": 1000
      },
      "global_average": {
        "methods": [
          "lr_probe",
          "pca_lr",
          "iti",
          "kb_mlp",
          "attn_satisfies",
          "sep",
          "step"
        ],
        "spearman_matrix": null,
        "linkage": [
          [
            0.0,
            1.0,
            0.21856984568230264,
            2.0
          ],
          [
            3.0,
            7.0,
            0.2826515889775588,
            3.0
          ],
          [
            4.0,
            8.0,
            0.35820958647121015,
            4.0
          ],
          [
            2.0,
            9.0,
            0.4201581504632957,
            5.0
          ],
          [
            5.0,
            6.0,
            0.4638400828459577,
            2.0
          ],
          [
            10.0,
            11.0,
            1.014806675312896,
            7.0
          ]
        ],
        "n_test": null
      }
    }
  }
}