{
  "common_claim_3class": {
    "methods": [
      "lr_probe",
      "pca_lr",
      "iti",
      "kb_mlp",
      "attn_satisfies",
      "sep",
      "step"
    ],
    "aurocs": {
      "lr_probe": 0.7712,
      "pca_lr": 0.7604,
      "iti": 0.7153,
      "kb_mlp": 0.7499,
      "attn_satisfies": 0.7058,
      "sep": 0.5158,
      "step": 0.5264
    },
    "spearman_matrix": [
      [
        1.0,
        0.8926815886815886,
        0.7811915531915532,
        0.8592728712728714,
        0.7893638853638854,
        0.5433146073146073,
        0.5502658782658784
      ],
      [
        0.8926815886815886,
        1.0,
        0.8339309459309461,
        0.8791570351570351,
        0.8387248907248909,
        0.5961570561570562,
        0.612893724893725
      ],
      [
        0.7811915531915532,
        0.8339309459309461,
        1.0,
        0.7566394086394087,
        0.7327970527970529,
        0.6070490350490351,
        0.6176559056559058
      ],
      [
        0.8592728712728714,
        0.8791570351570351,
        0.7566394086394087,
        1.0,
        0.7752406272406274,
        0.5511681951681952,
        0.5633434793434793
      ],
      [
        0.7893638853638854,
        0.8387248907248909,
        0.7327970527970529,
        0.7752406272406274,
        1.0,
        0.5640215160215162,
        0.5902589302589303
      ],
      [
        0.5433146073146073,
        0.5961570561570562,
        0.6070490350490351,
        0.5511681951681952,
        0.5640215160215162,
        1.0,
        0.7737906057906059
      ],
      [
        0.5502658782658784,
        0.612893724893725,
        0.6176559056559058,
        0.5633434793434793,
        0.5902589302589303,
        0.7737906057906059,
        1.0
      ]
    ],
    "kappa_matrix": [
      [
        1.0,
        0.5825212197422194,
        0.4348232021698356,
        0.5759297739705695,
        0.4541564524068289,
        0.060429904015141256,
        0.04112091008714713
      ],
      [
        0.5825212197422194,
        1.0,
        0.44570105406202776,
        0.582174423635577,
        0.5375484931788403,
        0.04867607420326625,
        0.08478242782261425
      ],
      [
        0.4348232021698356,
        0.44570105406202776,
        1.0,
        0.36523265308336883,
        0.33677187229585104,
        0.020572749945056423,
        0.04636381220564356
      ],
      [
        0.5759297739705695,
        0.582174423635577,
        0.36523265308336883,
        1.0,
        0.41714598214499876,
        0.046151829028451274,
        0.06177097068668225
      ],
      [
        0.4541564524068289,
        0.5375484931788403,
        0.33677187229585104,
        0.41714598214499876,
        1.0,
        0.04949658522847289,
        0.06803039237614972
      ],
      [
        0.060429904015141256,
        0.04867607420326625,
        0.020572749945056423,
        0.046151829028451274,
        0.04949658522847289,
        1.0,
        0.09067906505993606
      ],
      [
        0.04112091008714713,
        0.08478242782261425,
        0.04636381220564356,
        0.06177097068668225,
        0.06803039237614972,
        0.09067906505993606,
        1.0
      ]
    ],
    "jaccard_matrix": [
      [
        1.0,
        0.6585365853658537,
        0.6252927400468384,
        0.6306954436450839,
        0.579185520361991,
        0.5484536082474227,
        0.5249500998003992
      ],
      [
        0.6585365853658537,
        1.0,
        0.6556603773584906,
        0.6618357487922706,
        0.6611764705882353,
        0.5878661087866108,
        0.5819672131147541
      ],
      [
        0.6252927400468384,
        0.6556603773584906,
        1.0,
        0.581081081081081,
        0.5720524017467249,
        0.6695464362850972,
        0.6512605042016807
      ],
      [
        0.6306954436450839,
        0.6618357487922706,
        0.581081081081081,
        1.0,
        0.5516483516483517,
        0.5364372469635628,
        0.5409181636726547
      ],
      [
        0.579185520361991,
        0.6611764705882353,
        0.5720524017467249,
        0.5516483516483517,
        1.0,
        0.5665322580645161,
        0.5674603174603174
      ],
      [
        0.5484536082474227,
        0.5878661087866108,
        0.6695464362850972,
        0.5364372469635628,
        0.5665322580645161,
        1.0,
        0.8286334056399133
      ],
      [
        0.5249500998003992,
        0.5819672131147541,
        0.6512605042016807,
        0.5409181636726547,
        0.5674603174603174,
        0.8286334056399133,
        1.0
      ]
    ],
    "linkage": [
      [
        0.0,
        1.0,
        0.10731841131841136,
        2.0
      ],
      [
        3.0,
        7.0,
        0.13819919490326513,
        3.0
      ],
      [
        5.0,
        6.0,
        0.22620939420939412,
        2.0
      ],
      [
        4.0,
        8.0,
        0.22976714284681157,
        4.0
      ],
      [
        2.0,
        10.0,
        0.2564162710356191,
        5.0
      ],
      [
        9.0,
        11.0,
        0.6540770701308524,
        7.0
      ]
    ],
    "n_test": 1000
  },
  "e2h_amc_3class": {
    "methods": [
      "lr_probe",
      "pca_lr",
      "iti",
      "kb_mlp",
      "attn_satisfies",
      "sep",
      "step"
    ],
    "aurocs": {
      "lr_probe": 0.8772,
      "pca_lr": 0.8937,
      "iti": 0.8574,
      "kb_mlp": 0.8637,
      "attn_satisfies": 0.8575,
      "sep": 0.6514,
      "step": 0.6228
    },
    "spearman_matrix": [
      [
        1.0,
        0.8115660245485269,
        0.6538617804107998,
        0.6573424470760395,
        0.65066908599568,
        0.3061359714070239,
        0.27215026297305484
      ],
      [
        0.8115660245485269,
        1.0,
        0.688547818329015,
        0.6842331587187714,
        0.7021088304293668,
        0.3153524792349636,
        0.2941604750887925
      ],
      [
        0.6538617804107998,
        0.688547818329015,
        1.0,
        0.5541958820843028,
        0.56428838904371,
        0.2593920054951716,
        0.23892009915882528
      ],
      [
        0.6573424470760395,
        0.6842331587187714,
        0.5541958820843028,
        1.0,
        0.6060151548130712,
        0.29866720308029066,
        0.2591811020644607
      ],
      [
        0.65066908599568,
        0.7021088304293668,
        0.56428838904371,
        0.6060151548130712,
        1.0,
        0.24133906114672693,
        0.21341780795447232
      ],
      [
        0.3061359714070239,
        0.3153524792349636,
        0.2593920054951716,
        0.29866720308029066,
        0.24133906114672693,
        1.0,
        0.46343121865966597
      ],
      [
        0.27215026297305484,
        0.2941604750887925,
        0.23892009915882528,
        0.2591811020644607,
        0.21341780795447232,
        0.46343121865966597,
        1.0
      ]
    ],
    "kappa_matrix": [
      [
        1.0,
        0.6536006283299217,
        0.5579958307193875,
        0.5818678857210744,
        0.5545125418299952,
        0.19687421608618572,
        0.17050745426327418
      ],
      [
        0.6536006283299217,
        1.0,
        0.5850328363642696,
        0.5833812636601432,
        0.5847468653278578,
        0.21337803942741396,
        0.18737629264926325
      ],
      [
        0.5579958307193875,
        0.5850328363642696,
        1.0,
        0.5003330698601604,
        0.5039850236556067,
        0.19339779612651142,
        0.18458077645718862
      ],
      [
        0.5818678857210744,
        0.5833812636601432,
        0.5003330698601604,
        1.0,
        0.5078508548130607,
        0.2042874985750467,
        0.1800785047006359
      ],
      [
        0.5545125418299952,
        0.5847468653278578,
        0.5039850236556067,
        0.5078508548130607,
        1.0,
        0.1793641069948939,
        0.14824704085245233
      ],
      [
        0.19687421608618572,
        0.21337803942741396,
        0.19339779612651142,
        0.2042874985750467,
        0.1793641069948939,
        1.0,
        0.35888766672076267
      ],
      [
        0.17050745426327418,
        0.18737629264926325,
        0.18458077645718862,
        0.1800785047006359,
        0.14824704085245233,
        0.35888766672076267,
        1.0
      ]
    ],
    "jaccard_matrix": [
      [
        1.0,
        0.43478260869565216,
        0.3719806763285024,
        0.3783783783783784,
        0.35930047694753575,
        0.2718767198679141,
        0.27997858672376874
      ],
      [
        0.43478260869565216,
        1.0,
        0.38706968933669184,
        0.3694374475230898,
        0.3747927031509121,
        0.2769926512153759,
        0.2802408319649699
      ],
      [
        0.3719806763285024,
        0.38706968933669184,
        1.0,
        0.32752084912812734,
        0.3378480060195636,
        0.29716466739367503,
        0.30867482703565724
      ],
      [
        0.3783783783783784,
        0.3694374475230898,
        0.32752084912812734,
        1.0,
        0.3340926347760061,
        0.30132450331125826,
        0.3044408774745853
      ],
      [
        0.35930047694753575,
        0.3747927031509121,
        0.3378480060195636,
        0.3340926347760061,
        1.0,
        0.28502155172413796,
        0.2831858407079646
      ],
      [
        0.2718767198679141,
        0.2769926512153759,
        0.29716466739367503,
        0.30132450331125826,
        0.28502155172413796,
        1.0,
        0.5438066465256798
      ],
      [
        0.27997858672376874,
        0.2802408319649699,
        0.30867482703565724,
        0.3044408774745853,
        0.2831858407079646,
        0.5438066465256798,
        1.0
      ]
    ],
    "linkage": [
      [
        0.0,
        1.0,
        0.1884339754514731,
        2.0
      ],
      [
        4.0,
        7.0,
        0.3587176743485329,
        3.0
      ],
      [
        3.0,
        8.0,
        0.3809554359556353,
        4.0
      ],
      [
        2.0,
        9.0,
        0.424614488406323,
        5.0
      ],
      [
        5.0,
        6.0,
        0.536568781340334,
        2.0
      ],
      [
        10.0,
        11.0,
        1.0864739721178853,
        7.0
      ]
    ],
    "n_test": 2975
  },
  "e2h_amc_5class": {
    "methods": [
      "lr_probe",
      "pca_lr",
      "iti",
      "kb_mlp",
      "attn_satisfies",
      "sep",
      "step"
    ],
    "aurocs": {
      "lr_probe": 0.8631,
      "pca_lr": 0.876,
      "iti": 0.84,
      "kb_mlp": 0.8403,
      "attn_satisfies": 0.8236,
      "sep": 0.6213,
      "step": 0.606
    },
    "spearman_matrix": [
      [
        1.0,
        0.7376699699555724,
        0.5068156908076376,
        0.6030416232267252,
        0.5086016803623634,
        0.2152451006217616,
        0.2174036221209095
      ],
      [
        0.7376699699555724,
        1.0,
        0.6069566062101783,
        0.6119717200284458,
        0.5660024007650656,
        0.26182129736290466,
        0.23640087362363219
      ],
      [
        0.5068156908076376,
        0.6069566062101783,
        1.0,
        0.441331107057223,
        0.4262238856754929,
        0.2032462561135698,
        0.16674565626411095
      ],
      [
        0.6030416232267252,
        0.6119717200284458,
        0.441331107057223,
        1.0,
        0.46993975117868914,
        0.20753797071684604,
        0.18067388451790464
      ],
      [
        0.5086016803623634,
        0.5660024007650656,
        0.4262238856754929,
        0.46993975117868914,
        1.0,
        0.15000007200745671,
        0.18403958505110618
      ],
      [
        0.2152451006217616,
        0.26182129736290466,
        0.2032462561135698,
        0.20753797071684604,
        0.15000007200745671,
        1.0,
        0.38897154939811796
      ],
      [
        0.2174036221209095,
        0.23640087362363219,
        0.16674565626411095,
        0.18067388451790464,
        0.18403958505110618,
        0.38897154939811796,
        1.0
      ]
    ],
    "kappa_matrix": [
      [
        1.0,
        0.5890374900220692,
        0.4397187748700162,
        0.5161805587940964,
        0.42913832742170055,
        0.13587772196620507,
        0.11517177858204863
      ],
      [
        0.5890374900220692,
        1.0,
        0.4900774183372463,
        0.4969965720130428,
        0.4686033846743731,
        0.14654065851373166,
        0.12111052941688416
      ],
      [
        0.4397187748700162,
        0.4900774183372463,
        1.0,
        0.39380582265943864,
        0.3637897874009741,
        0.11214975327934362,
        0.10619004606101268
      ],
      [
        0.5161805587940964,
        0.4969965720130428,
        0.39380582265943864,
        1.0,
        0.42358074176923977,
        0.1375961998891374,
        0.11088023965916505
      ],
      [
        0.42913832742170055,
        0.4686033846743731,
        0.3637897874009741,
        0.42358074176923977,
        1.0,
        0.08776354626797267,
        0.09260692963678074
      ],
      [
        0.13587772196620507,
        0.14654065851373166,
        0.11214975327934362,
        0.1375961998891374,
        0.08776354626797267,
        1.0,
        0.23172400097914403
      ],
      [
        0.11517177858204863,
        0.12111052941688416,
        0.10619004606101268,
        0.11088023965916505,
        0.09260692963678074,
        0.23172400097914403,
        1.0
      ]
    ],
    "jaccard_matrix": [
      [
        1.0,
        0.5330812854442344,
        0.44991511035653653,
        0.49122807017543857,
        0.4481441048034934,
        0.4013961605584642,
        0.3888412017167382
      ],
      [
        0.5330812854442344,
        1.0,
        0.4830860534124629,
        0.47159763313609465,
        0.4665911664779162,
        0.3902869757174393,
        0.3771701388888889
      ],
      [
        0.44991511035653653,
        0.4830860534124629,
        1.0,
        0.4349972572682392,
        0.4235602094240838,
        0.41110632802410674,
        0.39737621667371986
      ],
      [
        0.49122807017543857,
        0.47159763313609465,
        0.4349972572682392,
        1.0,
        0.46324324324324323,
        0.41385281385281386,
        0.4
      ],
      [
        0.4481441048034934,
        0.4665911664779162,
        0.4235602094240838,
        0.46324324324324323,
        1.0,
        0.4108040201005025,
        0.42323825503355705
      ],
      [
        0.4013961605584642,
        0.3902869757174393,
        0.41110632802410674,
        0.41385281385281386,
        0.4108040201005025,
        1.0,
        0.5967676767676767
      ],
      [
        0.3888412017167382,
        0.3771701388888889,
        0.39737621667371986,
        0.4,
        0.42323825503355705,
        0.5967676767676767,
        1.0
      ]
    ],
    "linkage": [
      [
        0.0,
        1.0,
        0.26233003004442756,
        2.0
      ],
      [
        3.0,
        7.0,
        0.4271872162698699,
        3.0
      ],
      [
        2.0,
        8.0,
        0.5404497307675901,
        4.0
      ],
      [
        4.0,
        9.0,
        0.5543692576206165,
        5.0
      ],
      [
        5.0,
        6.0,
        0.611028450601882,
        2.0
      ],
      [
        10.0,
        11.0,
        1.145038259718255,
        7.0
      ]
    ],
    "n_test": 2975
  },
  "when2call_3class": {
    "methods": [
      "lr_probe",
      "pca_lr",
      "iti",
      "kb_mlp",
      "attn_satisfies",
      "sep",
      "step"
    ],
    "aurocs": {
      "lr_probe": 0.864,
      "pca_lr": 0.7977,
      "iti": 0.8405,
      "kb_mlp": 0.8494,
      "attn_satisfies": 0.8079,
      "sep": 0.5451,
      "step": 0.5568
    },
    "spearman_matrix": [
      [
        1.0,
        0.70456095973057,
        0.7342273545453598,
        0.7750079769949351,
        0.6903182049389406,
        0.18068202999699529,
        0.19902458962821276
      ],
      [
        0.70456095973057,
        1.0,
        0.6284794247134458,
        0.633096063609659,
        0.6993500131945048,
        0.23421373500334702,
        0.2821285885136229
      ],
      [
        0.7342273545453598,
        0.6284794247134458,
        1.0,
        0.7080173550641885,
        0.6099931400863188,
        0.16495911239536942,
        0.1954235190281963
      ],
      [
        0.7750079769949351,
        0.633096063609659,
        0.7080173550641885,
        1.0,
        0.6945650698321546,
        0.17404301643237682,
        0.2226588356926193
      ],
      [
        0.6903182049389406,
        0.6993500131945048,
        0.6099931400863188,
        0.6945650698321546,
        1.0,
        0.1849341795429571,
        0.19854860446991116
      ],
      [
        0.18068202999699529,
        0.23421373500334702,
        0.16495911239536942,
        0.17404301643237682,
        0.1849341795429571,
        1.0,
        0.37444563879374887
      ],
      [
        0.19902458962821276,
        0.2821285885136229,
        0.1954235190281963,
        0.2226588356926193,
        0.19854860446991116,
        0.37444563879374887,
        1.0
      ]
    ],
    "kappa_matrix": [
      [
        1.0,
        0.48911616807295655,
        0.5988492806589762,
        0.6200859794711302,
        0.4566023550161392,
        0.07386824995536923,
        0.0958694078553638
      ],
      [
        0.48911616807295655,
        1.0,
        0.44147437426860725,
        0.4510643482991964,
        0.4318190844155475,
        0.026316249679389947,
        0.10171807887543927
      ],
      [
        0.5988492806589762,
        0.44147437426860725,
        1.0,
        0.5229389678523906,
        0.4357686109304758,
        0.06134519924621962,
        0.0861511211349748
      ],
      [
        0.6200859794711302,
        0.4510643482991964,
        0.5229389678523906,
        1.0,
        0.4840864306967868,
        0.03810011470940755,
        0.07828097089418928
      ],
      [
        0.4566023550161392,
        0.4318190844155475,
        0.4357686109304758,
        0.4840864306967868,
        1.0,
        0.042464214261555444,
        0.0646379399571203
      ],
      [
        0.07386824995536923,
        0.026316249679389947,
        0.06134519924621962,
        0.03810011470940755,
        0.042464214261555444,
        1.0,
        0.2765147721582374
      ],
      [
        0.0958694078553638,
        0.10171807887543927,
        0.0861511211349748,
        0.07828097089418928,
        0.0646379399571203,
        0.2765147721582374,
        1.0
      ]
    ],
    "jaccard_matrix": [
      [
        1.0,
        0.4325068870523416,
        0.4810126582278481,
        0.4935064935064935,
        0.38082191780821917,
        0.31285988483685223,
        0.30174081237911027
      ],
      [
        0.4325068870523416,
        1.0,
        0.387434554973822,
        0.39946380697050937,
        0.4365482233502538,
        0.3613138686131387,
        0.3867924528301887
      ],
      [
        0.4810126582278481,
        0.387434554973822,
        1.0,
        0.43730886850152906,
        0.37066666666666664,
        0.31688804554079697,
        0.31094049904030713
      ],
      [
        0.4935064935064935,
        0.39946380697050937,
        0.43730886850152906,
        1.0,
        0.4134078212290503,
        0.2894736842105263,
        0.2980769230769231
      ],
      [
        0.38082191780821917,
        0.4365482233502538,
        0.37066666666666664,
        0.4134078212290503,
        1.0,
        0.33455210237659966,
        0.3314814814814815
      ],
      [
        0.31285988483685223,
        0.3613138686131387,
        0.31688804554079697,
        0.2894736842105263,
        0.33455210237659966,
        1.0,
        0.5855379188712522
      ],
      [
        0.30174081237911027,
        0.3867924528301887,
        0.31094049904030713,
        0.2980769230769231,
        0.3314814814814815,
        0.5855379188712522,
        1.0
      ]
    ],
    "linkage": [
      [
        0.0,
        3.0,
        0.22499202300506493,
        2.0
      ],
      [
        2.0,
        7.0,
        0.2950460515554752,
        3.0
      ],
      [
        1.0,
        4.0,
        0.30064998680549515,
        2.0
      ],
      [
        8.0,
        9.0,
        0.41374858049317986,
        5.0
      ],
      [
        5.0,
        6.0,
        0.6255543612062511,
        2.0
      ],
      [
        10.0,
        11.0,
        1.1922153966276192,
        7.0
      ]
    ],
    "n_test": 731
  },
  "ragtruth_binary": {
    "methods": [
      "lr_probe",
      "pca_lr",
      "iti",
      "kb_mlp",
      "attn_satisfies",
      "sep",
      "step"
    ],
    "aurocs": {
      "lr_probe": 0.8576,
      "pca_lr": 0.8355,
      "iti": 0.8804,
      "kb_mlp": 0.824,
      "attn_satisfies": 0.7969,
      "sep": 0.6951,
      "step": 0.69
    },
    "spearman_matrix": [
      [
        1.0,
        0.7606722286722286,
        0.5796392316392317,
        0.8254695214695216,
        0.6806227886227888,
        0.3513553767132434,
        0.3482606409206951
      ],
      [
        0.7606722286722286,
        1.0,
        0.6074290394290394,
        0.7933106773106774,
        0.7518910518910519,
        0.4119550913033946,
        0.3936805812881573
      ],
      [
        0.5796392316392317,
        0.6074290394290394,
        1.0,
        0.5254751614751616,
        0.5546107706107707,
        0.3595633853810187,
        0.34278177512490476
      ],
      [
        0.8254695214695216,
        0.7933106773106774,
        0.5254751614751616,
        1.0,
        0.6911322791322793,
        0.3394346606968668,
        0.3252557609943809
      ],
      [
        0.6806227886227888,
        0.7518910518910519,
        0.5546107706107707,
        0.6911322791322793,
        1.0,
        0.4010259317837583,
        0.36869807838218616
      ],
      [
        0.3513553767132434,
        0.4119550913033946,
        0.3595633853810187,
        0.3394346606968668,
        0.4010259317837583,
        1.0,
        0.6801605731280731
      ],
      [
        0.3482606409206951,
        0.3936805812881573,
        0.34278177512490476,
        0.3252557609943809,
        0.36869807838218616,
        0.6801605731280731,
        1.0
      ]
    ],
    "kappa_matrix": [
      [
        1.0,
        0.7043804251666419,
        0.6419589213357553,
        0.7105931544482265,
        0.6124098907740416,
        0.4007428154990298,
        0.42136679254476794
      ],
      [
        0.7043804251666419,
        1.0,
        0.6351752927441894,
        0.6702509586743652,
        0.6139355938069944,
        0.4348598051823801,
        0.4385189230132378
      ],
      [
        0.6419589213357553,
        0.6351752927441894,
        1.0,
        0.5862945930880714,
        0.5555771747974669,
        0.3903196055478698,
        0.40739570164348926
      ],
      [
        0.7105931544482265,
        0.6702509586743652,
        0.5862945930880714,
        1.0,
        0.5916352931927569,
        0.38492115608555943,
        0.40981443871617285
      ],
      [
        0.6124098907740416,
        0.6139355938069944,
        0.5555771747974669,
        0.5916352931927569,
        1.0,
        0.3903605772439849,
        0.3636547794150028
      ],
      [
        0.4007428154990298,
        0.4348598051823801,
        0.3903196055478698,
        0.38492115608555943,
        0.3903605772439849,
        1.0,
        0.6225065564650719
      ],
      [
        0.42136679254476794,
        0.4385189230132378,
        0.40739570164348926,
        0.40981443871617285,
        0.3636547794150028,
        0.6225065564650719,
        1.0
      ]
    ],
    "jaccard_matrix": [
      [
        1.0,
        0.5126353790613718,
        0.4121863799283154,
        0.5363321799307958,
        0.4380952380952381,
        0.3157894736842105,
        0.3265822784810127
      ],
      [
        0.5126353790613718,
        1.0,
        0.41901408450704225,
        0.5,
        0.4528301886792453,
        0.3553299492385787,
        0.35279187817258884
      ],
      [
        0.4121863799283154,
        0.41901408450704225,
        1.0,
        0.3851132686084142,
        0.36990595611285265,
        0.29846938775510207,
        0.3059125964010283
      ],
      [
        0.5363321799307958,
        0.5,
        0.3851132686084142,
        1.0,
        0.44510385756676557,
        0.33095238095238094,
        0.344578313253012
      ],
      [
        0.4380952380952381,
        0.4528301886792453,
        0.36990595611285265,
        0.44510385756676557,
        1.0,
        0.3491686460807601,
        0.3247663551401869
      ],
      [
        0.3157894736842105,
        0.3553299492385787,
        0.29846938775510207,
        0.33095238095238094,
        0.3491686460807601,
        1.0,
        0.5777777777777777
      ],
      [
        0.3265822784810127,
        0.35279187817258884,
        0.3059125964010283,
        0.344578313253012,
        0.3247663551401869,
        0.5777777777777777,
        1.0
      ]
    ],
    "linkage": [
      [
        0.0,
        3.0,
        0.17453047853047843,
        2.0
      ],
      [
        1.0,
        7.0,
        0.23772226690608247,
        3.0
      ],
      [
        5.0,
        6.0,
        0.3198394268719269,
        2.0
      ],
      [
        4.0,
        8.0,
        0.3282321893213024,
        4.0
      ],
      [
        2.0,
        10.0,
        0.5126425482070593,
        5.0
      ],
      [
        9.0,
        11.0,
        0.9763931711555313,
        7.0
      ]
    ],
    "n_test": 1000
  },
  "global_average": {
    "methods": [
      "lr_probe",
      "pca_lr",
      "iti",
      "kb_mlp",
      "attn_satisfies",
      "sep",
      "step"
    ],
    "avg_spearman_matrix": [
      [
        1.0,
        0.7814301543176974,
        0.6511471221189165,
        0.7440268880080186,
        0.6639151290567316,
        0.3193466172107263,
        0.3174209987817501
      ],
      [
        0.7814301543176974,
        1.0,
        0.6730687669225249,
        0.7203537309649177,
        0.7116154374009761,
        0.3638999318123332,
        0.36385284868158596
      ],
      [
        0.6511471221189165,
        0.6730687669225249,
        1.0,
        0.5971317828640569,
        0.5775826476426691,
        0.31884195888683287,
        0.3123053910463886
      ],
      [
        0.7440268880080186,
        0.7203537309649177,
        0.5971317828640569,
        1.0,
        0.6473785764393643,
        0.3141702092189151,
        0.310222612522569
      ],
      [
        0.6639151290567316,
        0.7116154374009761,
        0.5775826476426691,
        0.6473785764393643,
        1.0,
        0.308264152100483,
        0.31099260122332123
      ],
      [
        0.3193466172107263,
        0.3638999318123332,
        0.31884195888683287,
        0.3141702092189151,
        0.308264152100483,
        1.0,
        0.5361599171540423
      ],
      [
        0.3174209987817501,
        0.36385284868158596,
        0.3123053910463886,
        0.310222612522569,
        0.31099260122332123,
        0.5361599171540423,
        1.0
      ]
    ],
    "linkage": [
      [
        0.0,
        1.0,
        0.21856984568230264,
        2.0
      ],
      [
        3.0,
        7.0,
        0.2826515889775588,
        3.0
      ],
      [
        4.0,
        8.0,
        0.35820958647121015,
        4.0
      ],
      [
        2.0,
        9.0,
        0.4201581504632957,
        5.0
      ],
      [
        5.0,
        6.0,
        0.4638400828459577,
        2.0
      ],
      [
        10.0,
        11.0,
        1.014806675312896,
        7.0
      ]
    ],
    "n_datasets": 5
  }
}